tests/grid_standard/gdal_grid/test_arc_ascii.asc
north: 16.008194444
south: 15.008194444
east: 121.999861111
west: 120.999861111
rows: 120
cols: 120
[rows 58 to 115 of 120, columns 0 to 95 of 120]
0 0 40 41 42 42 42 44 48 49 51 55 65 74 80 88 129 208 164 92 94 111 137 166 247 270 249 240 272 213 209 283 359 185 99 100 124 190 312 359 567 317 483 789 960 1250 1560 1508 1240 1241 1316 1412 1537 1207 799 638 656 550 636 284 154 8 0 0 0 0 0 0 0 0 0 0 0 0 0 0 0 0 0 0 0 0 0 0 0 0 0 0 0 0 0 0 0 0 0 0
0 0 41 41 42 41 45 48 52 55 56 58 61 73 91 100 143 275 158 105 104 114 155 186 251 335 296 296 254 278 238 311 253 168 134 102 110 122 152 259 433 315 423 495 785 1186 1395 1261 1192 1345 1505 1634 1299 1054 775 547 560 386 300 232 180 4 0 0 0 0 0 0 0 0 0 0 0 0 0 0 0 0 0 0 0 0 0 0 0 0 0 0 0 0 0 0 0 0 0 0
0 0 39 40 41 44 48 54 57 58 60 65 61 71 93 133 118 191 183 142 161 132 168 226 307 430 458 413 290 368 264 233 206 286 170 104 110 119 132 137 202 373 526 434 638 894 931 928 999 1249 1430 1513 1132 792 573 405 418 276 182 110 87 0 0 0 0 0 0 0 0 0 0 0 0 0 0 0 0 0 0 0 0 0 0 0 0 0 0 0 0 0 0 0 0 0 0 0
0 0 39 40 43 45 49 54 57 63 64 69 66 71 113 143 156 151 213 172 222 209 209 306 408 485 593 555 412 320 239 220 238 282 179 113 111 117 122 129 137 239 407 502 484 583 594 673 886 1036 1367 1416 1020 812 566 464 351 207 99 67 25 0 0 0 0 0 0 0 0 0 0 0 0 0 0 0 0 0 0 0 0 0 0 0 0 0 0 0 0 0 0 0 0 0 0 0
0 0 37 38 42 47 52 55 62 65 70 76 76 70 99 160 197 178 219 222 268 237 253 375 392 481 542 494 405 305 223 226 363 321 296 166 112 116 120 123 123 132 226 416 675 826 691 883 1031 1238 1470 1407 1041 750 614 620 351 237 238 38 4 0 0 0 0 0 0 0 0 0 0 0 0 0 0 0 0 0 0 0 0 0 0 0 0 0 0 0 0 0 0 0 0 0 0 0
0 0 37 40 43 46 52 60 65 67 73 79 82 74 86 147 223 212 224 252 303 288 280 413 358 419 513 533 463 366 262 276 433 434 383 202 129 117 119 119 118 119 145 315 573 806 833 904 1067 1467 1722 1530 1198 908 895 704 452 361 330 100 0 0 0 0 0 0 0 0 0 0 0 0 0 0 0 0 0 0 0 0 0 0 0 0 0 0 0 0 0 0 0 0 0 0 0 0
0 0 38 41 46 52 55 57 62 67 74 81 85 82 82 133 195 243 258 272 313 380 341 357 395 435 530 505 454 350 284 379 563 603 425 247 161 124 120 119 119 119 140 235 467 591 819 912 1247 1497 1555 1207 1149 1210 1008 714 536 516 363 112 7 0 0 0 0 0 0 0 0 0 0 0 0 0 0 0 0 0 0 0 0 0 0 0 0 0 0 0 0 0 0 0 0 0 0 0
0 0 39 42 46 49 52 61 64 71 76 86 93 88 102 106 146 238 269 278 306 392 342 358 436 533 588 472 415 353 293 404 596 715 521 340 191 139 126 121 122 121 131 193 314 426 613 919 1307 1562 1397 1015 798 969 992 858 679 445 288 277 62 0 0 0 0 0 0 0 0 0 0 0 0 0 0 0 0 0 0 0 0 0 0 0 0 0 0 0 0 0 0 0 0 0 0 0
0 0 39 43 46 50 53 55 62 68 73 85 90 93 104 115 121 200 262 244 277 320 316 366 442 510 561 507 450 431 349 446 631 699 449 271 182 192 164 130 125 124 136 163 243 382 574 843 1247 1401 978 935 598 553 593 539 669 492 397 252 11 0 0 0 0 0 0 0 0 0 0 0 0 0 0 0 0 0 0 0 0 0 0 0 0 0 0 0 0 0 0 0 0 0 0 0
0 0 38 42 45 47 50 57 65 75 79 77 75 91 107 136 127 157 197 213 248 315 306 354 454 468 559 504 461 565 438 484 652 605 359 380 310 275 236 186 141 128 130 150 271 433 685 1052 1332 1374 950 673 624 439 316 346 503 422 330 87 0 0 0 0 0 0 0 0 0 0 0 0 0 0 0 0 0 0 0 0 0 0 0 0 0 0 0 0 0 0 0 0 0 0 0 0
0 0 40 43 46 49 54 57 61 65 74 68 72 77 97 131 149 157 155 242 234 247 301 337 406 456 568 580 585 642 486 468 554 483 331 513 387 320 326 246 170 141 133 140 240 405 618 904 1015 1314 1076 694 439 345 239 216 351 340 136 11 0 0 0 0 0 0 0 0 0 0 0 0 0 0 0 0 0 0 0 0 0 0 0 0 0 0 0 0 0 0 0 0 0 0 0 0
0 0 41 43 46 48 51 53 57 62 62 63 70 78 106 125 141 170 170 170 179 250 320 272 461 491 577 702 671 672 521 558 432 355 354 536 551 419 324 243 223 213 200 149 216 351 493 646 783 1051 1094 798 572 481 306 109 148 251 164 40 0 0 0 0 0 0 0 0 0 0 0 0 0 0 0 0 0 0 0 0 0 0 0 0 0 0 0 0 0 0 0 0 0 0 0 0
0 0 41 43 46 51 50 52 54 58 61 64 68 81 96 112 154 202 216 181 211 241 353 255 386 455 559 648 575 634 676 579 428 364 367 544 622 429 327 283 303 262 278 166 239 286 369 461 637 654 863 981 828 611 324 162 38 60 77 0 0 0 0 0 0 0 0 0 0 0 0 0 0 0 0 0 0 0 0 0 0 0 0 0 0 0 0 0 0 0 0 0 0 0 0 0
0 0 41 44 47 50 55 56 60 65 68 67 68 71 89 102 142 247 294 208 209 226 289 247 333 360 433 546 521 531 673 610 575 435 428 519 602 509 389 387 396 283 303 218 235 234 258 293 355 406 579 817 926 664 427 290 51 5 2 0 0 0 0 0 0 0 0 0 0 0 0 0 0 0 0 0 0 0 0 0 0 0 0 0 0 0 0 0 0 0 0 0 0 0 0 0
0 0 40 42 45 48 52 60 65 66 72 75 72 73 85 101 130 232 282 239 242 232 238 250 341 489 479 514 462 546 580 719 597 444 437 550 700 562 470 454 363 326 266 225 288 250 146 177 214 213 403 572 537 579 326 172 9 0 0 0 0 0 0 0 0 0 0 0 0 0 0 0 0 0 0 0 0 0 0 0 0 0 0 0 0 0 0 0 0 0 0 0 0 0 0 0
0 0 38 42 45 49 55 63 70 74 79 80 82 78 85 100 119 176 220 240 258 283 252 277 328 416 613 568 447 505 594 705 647 573 436 566 734 628 526 452 485 383 233 278 291 328 133 67 76 104 262 314 293 395 204 35 0 0 0 0 0 0 0 0 0 0 0 0 0 0 0 0 0 0 0 0 0 0 0 0 0 0 0 0 0 0 0 0 0 0 0 0 0 0 0 0
0 0 38 42 48 52 56 62 69 68 67 74 78 83 96 111 106 129 187 190 232 262 287 299 322 327 496 510 359 475 681 743 610 475 472 586 769 735 646 583 393 277 227 324 315 320 164 46 22 30 63 83 260 279 146 24 0 0 0 0 0 0 0 0 0 0 0 0 0 0 0 0 0 0 0 0 0 0 0 0 0 0 0 0 0 0 0 0 0 0 0 0 0 0 0 0
0 0 37 40 45 51 52 58 59 60 68 72 66 74 91 114 118 134 161 208 244 247 231 269 264 287 379 345 431 490 550 681 729 453 510 693 742 642 606 468 318 299 375 335 352 276 250 98 26 4 0 45 198 116 0 0 0 0 0 0 0 0 0 0 0 0 0 0 0 0 0 0 0 0 0 0 0 0 0 0 0 0 0 0 0 0 0 0 0 0 0 0 0 0 0 0
0 0 37 42 43 48 48 51 57 67 61 60 62 70 71 91 118 145 166 193 233 230 181 243 239 304 252 291 509 562 473 572 671 474 572 647 693 717 569 402 421 452 466 276 361 299 269 148 18 0 0 0 5 38 0 0 0 0 0 0 0 0 0 0 0 0 0 0 0 0 0 0 0 0 0 0 0 0 0 0 0 0 0 0 0 0 0 0 0 0 0 0 0 0 0 0
0 0 35 40 45 50 54 60 59 58 52 56 64 78 85 79 91 131 126 136 179 173 166 165 197 202 209 312 291 343 457 611 679 537 594 718 862 733 622 581 442 391 324 251 289 294 218 193 4 0 0 0 0 8 0 0 0 0 0 0 0 0 0 0 0 0 0 0 0 0 0 0 0 0 0 0 0 0 0 0 0 0 0 0 0 0 0 0 0 0 0 0 0 0 0 0
0 0 36 37 40 42 46 50 52 49 48 55 68 86 92 90 88 96 144 189 192 183 207 203 172 193 294 383 389 447 417 470 584 704 617 741 885 760 685 560 473 374 292 298 274 285 105 118 3 0 0 0 0 0 0 0 0 0 0 0 0 0 0 0 0 0 0 0 0 0 0 0 0 0 0 0 0 0 0 0 0 0 0 0 0 0 0 0 0 0 0 0 0 0 0 0
0 0 42 38 40 44 45 46 46 45 49 51 61 74 78 97 106 109 146 224 242 216 215 233 243 187 307 422 472 509 501 468 568 771 717 767 993 759 618 589 525 471 344 316 253 272 115 10 0 0 0 0 0 0 0 0 0 0 0 0 0 0 0 0 0 0 0 0 0 0 0 0 0 0 0 0 0 0 0 0 0 0 0 0 0 0 0 0 0 0 0 0 0 0 0 0
0 0 44 47 41 40 43 46 50 51 53 56 61 62 84 97 105 126 178 200 197 199 194 219 289 238 213 337 404 442 526 543 577 795 856 767 949 762 660 634 572 566 391 344 255 190 55 1 0 0 0 0 0 0 0 0 0 0 0 0 0 0 0 0 0 0 0 0 0 0 0 0 0 0 0 0 0 0 0 0 0 0 0 0 0 0 0 0 0 0 0 0 0 0 0 0
0 0 47 52 54 43 46 47 51 60 63 66 71 60 65 86 125 160 182 164 183 182 193 216 297 356 212 289 395 355 419 431 548 781 824 667 804 840 722 631 576 580 382 279 253 108 37 0 0 0 0 0 0 0 0 0 0 0 0 0 0 0 0 0 0 0 0 0 0 0 0 0 0 0 0 0 0 0 0 0 0 0 0 0 0 0 0 0 0 0 0 0 0 0 0 0
0 0 41 43 52 55 63 52 59 56 68 74 79 79 66 71 103 150 148 189 181 195 201 214 283 379 344 217 384 301 285 369 506 746 766 649 576 821 777 651 581 482 328 279 276 96 17 0 0 0 0 0 0 0 0 0 0 0 0 0 0 0 0 0 0 0 0 0 0 0 0 0 0 0 0 0 0 0 0 0 0 0 0 0 0 0 0 0 0 0 0 0 0 0 0 0
0 0 37 41 45 53 62 54 67 67 63 76 95 96 88 69 69 101 160 177 216 223 217 212 219 282 411 311 321 306 254 347 576 803 723 658 501 723 728 669 551 423 334 295 248 101 16 0 0 0 0 0 0 0 0 0 0 0 0 0 0 0 0 0 0 0 0 0 0 0 0 0 0 0 0 0 0 0 0 0 0 0 0 0 0 0 0 0 0 0 0 0 0 0 0 0
0 0 33 37 47 53 63 59 66 79 74 76 91 104 100 81 92 143 137 136 166 167 156 169 183 248 380 367 279 301 271 373 549 728 645 563 460 599 624 666 526 441 357 220 155 126 37 1 0 0 0 0 0 0 0 0 0 0 0 0 0 0 0 0 0 0 0 0 0 0 0 0 0 0 0 0 0 0 0 0 0 0 0 0 0 0 0 0 0 0 0 0 0 0 0 0
0 0 38 44 45 49 60 67 66 77 87 92 101 118 127 111 95 136 123 106 121 111 161 226 230 237 352 381 278 294 384 458 541 706 665 478 413 478 565 696 582 426 344 160 78 82 61 5 0 0 0 0 0 0 0 0 0 0 0 0 0 0 0 0 0 0 0 0 0 0 0 0 0 0 0 0 0 0 0 0 0 0 0 0 0 0 0 0 0 0 0 0 0 0 0 0
0 0 33 40 50 56 60 69 69 71 81 94 98 117 146 135 100 110 140 156 202 178 156 188 232 283 409 520 418 258 367 414 517 653 689 456 505 438 571 654 565 532 377 271 234 62 36 8 0 0 0 0 0 0 0 0 0 0 0 0 0 0 0 0 0 0 0 0 0 0 0 0 0 0 0 0 0 0 0 0 0 0 0 0 0 0 0 0 0 0 0 0 0 0 0 0
0 0 34 41 47 51 58 67 57 65 72 85 92 118 150 161 128 162 179 196 216 238 238 148 219 240 330 583 571 318 322 355 431 654 599 440 593 489 462 569 623 592 451 315 184 82 14 20 2 0 0 0 0 0 0 0 0 0 0 0 0 0 0 0 0 0 0 0 0 0 0 0 0 0 0 0 0 0 0 0 0 0 0 0 0 0 0 0 0 0 0 0 0 0 0 0
0 0 36 42 46 49 57 57 53 60 68 80 85 105 143 163 142 147 169 195 223 269 285 153 284 318 377 556 632 412 342 429 452 619 567 454 749 654 472 563 667 452 354 254 81 45 79 135 44 0 0 0 0 0 0 0 0 0 0 0 0 0 0 0 0 0 0 0 0 0 0 0 0 0 0 0 0 0 0 0 0 0 0 0 0 0 0 0 0 0 0 0 0 0 0 0
0 0 30 37 41 46 49 45 50 55 62 64 84 107 128 153 141 149 161 211 235 232 258 180 213 378 368 556 714 479 368 408 335 489 545 438 766 650 505 584 702 492 259 153 78 121 279 272 122 2 0 0 0 0 0 0 0 0 0 0 0 0 0 0 0 0 0 0 0 0 0 0 0 0 0 0 0 0 0 0 0 0 0 0 0 0 0 0 0 0 0 0 0 0 0 0
0 0 32 34 34 35 39 45 50 48 52 59 89 104 157 178 121 136 170 174 181 198 285 240 171 307 339 465 596 493 418 445 363 348 377 490 756 710 592 538 678 412 309 236 46 146 422 351 163 20 0 0 0 0 0 0 0 0 0 0 0 0 0 0 0 0 0 0 0 0 0 0 0 0 0 0 0 0 0 0 0 0 0 0 0 0 0 0 0 0 0 0 0 0 0 0
0 0 28 28 31 35 37 41 39 44 50 73 107 129 169 156 113 159 177 205 215 203 292 276 235 192 308 397 570 519 495 534 366 341 354 545 768 850 687 579 707 481 348 150 68 176 387 488 301 63 4 0 0 0 0 0 0 0 0 0 0 0 0 0 0 0 0 0 0 0 0 0 0 0 0 0 0 0 0 0 0 0 0 0 0 0 0 0 0 0 0 0 0 0 0 0
0 0 26 30 32 32 35 39 41 46 58 67 93 119 132 98 131 154 166 204 221 247 372 335 303 167 283 351 483 563 431 475 352 419 404 459 792 906 781 650 720 559 290 297 100 277 559 627 331 144 34 0 0 0 0 0 0 0 0 0 0 0 0 0 0 0 0 0 0 0 0 0 0 0 0 0 0 0 0 0 0 0 0 0 0 0 0 0 0 0 0 0 0 0 0 0
0 0 27 38 39 43 44 45 50 48 50 59 62 100 129 114 164 198 181 214 251 317 498 367 303 207 251 349 472 422 353 443 392 365 467 404 645 789 955 711 758 498 408 298 144 355 700 508 246 138 49 3 0 0 0 0 0 0 0 0 0 0 0 0 0 0 0 0 0 0 0 0 0 0 0 0 0 0 0 0 0 0 0 0 0 0 0 0 0 0 0 0 0 0 0 0
0 0 30 38 44 52 54 56 59 60 53 60 67 100 126 139 189 239 231 239 244 363 591 420 424 346 206 191 395 404 282 436 356 389 598 432 496 719 888 706 502 623 452 376 303 336 597 384 193 201 63 5 0 0 0 0 0 0 0 0 0 0 0 0 0 0 0 0 0 0 0 0 0 0 0 0 0 0 0 0 0 0 0 0 0 0 0 0 0 0 0 0 0 0 0 0
0 0 29 36 43 45 49 54 67 71 66 75 77 101 147 152 204 187 239 271 296 382 644 599 453 399 221 227 370 355 263 379 343 365 541 626 522 595 769 698 404 394 285 295 383 464 611 415 343 215 43 5 2 1 5 0 0 0 0 0 0 0 0 0 0 0 0 0 0 0 0 0 0 0 0 0 0 0 0 0 0 0 0 0 0 0 0 0 0 0 0 0 0 0 0 0
0 0 30 39 41 39 47 58 72 82 77 74 85 99 175 165 162 133 188 249 310 447 583 708 491 305 215 229 326 255 249 314 296 376 524 676 736 521 690 784 559 297 221 158 195 374 466 428 200 80 21 21 11 48 132 18 3 3 0 0 0 0 0 0 0 0 0 0 0 0 0 0 0 0 0 0 0 0 0 0 0 0 0 0 0 0 0 0 0 0 0 0 0 0 0 0
0 0 32 33 34 41 50 59 66 77 65 88 102 91 123 145 118 163 177 288 386 451 592 717 437 320 348 271 266 239 293 398 282 361 451 683 766 723 815 813 820 481 389 201 128 292 308 449 322 121 30 26 33 54 96 64 60 75 1 0 0 0 0 0 0 0 0 0 0 0 0 0 0 0 0 0 0 0 0 0 0 0 0 0 0 0 0 0 0 0 0 0 0 0 0 0
0 0 28 30 35 44 50 52 58 58 53 63 67 73 98 123 160 164 174 311 355 369 499 662 492 445 450 270 240 393 399 485 413 467 407 593 682 706 852 909 913 702 617 369 129 157 168 153 301 208 43 54 46 43 108 173 149 159 60 4 0 0 0 0 0 0 0 0 0 0 0 0 0 0 0 0 0 0 0 0 0 0 0 0 0 0 0 0 0 0 0 0 0 0 0 0
0 0 34 38 44 49 42 51 47 42 48 50 85 138 172 155 151 138 210 241 279 380 564 727 544 472 341 282 245 370 453 575 602 585 612 660 626 757 987 1035 1007 736 490 386 161 77 66 37 112 120 38 62 87 147 73 148 228 230 144 35 0 0 0 0 0 0 0 0 0 0 0 0 0 0 0 0 0 0 0 0 0 0 0 0 0 0 0 0 0 0 0 0 0 0 0 0
0 0 32 36 43 38 38 44 38 51 62 63 99 188 161 160 137 127 238 253 341 427 546 674 451 430 429 320 370 307 335 438 657 700 860 840 593 723 984 1115 940 647 571 442 212 117 183 40 29 63 66 86 135 181 97 104 210 240 198 108 0 0 0 0 0 0 0 0 0 0 0 0 0 0 0 0 0 0 0 0 0 0 0 0 0 0 0 0 0 0 0 0 0 0 0 0
0 0 26 28 33 29 33 33 43 67 85 106 124 125 128 128 137 179 273 300 274 376 513 613 455 576 483 356 455 356 452 388 586 684 759 798 594 679 887 996 967 799 669 470 212 198 194 47 50 58 111 82 113 159 87 96 176 272 298 129 1 0 0 0 0 0 0 0 0 0 0 0 0 0 0 0 0 0 0 0 0 0 0 0 0 0 0 0 0 0 0 0 0 0 0 0
0 0 23 25 25 28 33 42 56 84 111 141 147 144 125 131 152 222 376 354 280 322 401 607 522 618 427 418 505 445 561 399 576 596 637 591 655 658 769 800 942 800 725 540 321 186 74 87 108 124 34 47 103 129 85 138 197 301 350 235 45 0 0 0 0 0 0 0 0 0 0 0 0 0 0 0 0 0 0 0 0 0 0 0 0 0 0 0 0 0 0 0 0 0 0 0
0 0 24 27 29 31 37 44 57 82 114 164 283 181 158 153 156 222 385 400 331 332 406 584 593 522 474 511 605 630 589 431 571 567 473 481 537 569 736 724 759 717 635 412 321 140 100 166 127 46 73 143 157 160 100 131 154 237 309 217 53 0 0 0 0 0 0 0 0 0 0 0 0 0 0 0 0 0 0 0 0 0 0 0 0 0 0 0 0 0 0 0 0 0 0 0
0 0 32 36 31 32 33 41 60 83 113 204 347 237 188 176 194 185 327 433 460 360 464 599 653 593 624 629 589 564 630 548 476 438 440 523 749 610 682 584 595 601 664 398 243 218 205 164 188 87 73 187 210 230 170 154 154 191 243 198 131 9 0 0 0 0 0 0 0 0 0 0 0 0 0 0 0 0 0 0 0 0 0 0 0 0 0 0 0 0 0 0 0 0 0 0
0 0 40 45 37 42 40 39 52 76 118 158 277 256 198 199 231 199 256 345 586 464 441 666 677 696 575 631 522 565 563 615 489 384 424 555 689 589 574 486 510 555 515 498 382 366 342 174 272 116 76 115 165 161 196 312 292 222 302 304 207 13 0 0 0 0 0 0 0 0 0 0 0 0 0 0 0 0 0 0 0 0 0 0 0 0 0 0 0 0 0 0 0 0 0 0
0 0 40 47 44 51 54 52 46 65 100 146 204 209 168 189 226 250 333 380 603 523 426 523 614 643 484 542 468 546 439 596 558 407 435 426 497 522 492 497 528 669 454 338 280 356 257 221 171 103 37 63 88 113 217 331 345 303 325 231 145 31 0 0 0 0 0 0 0 0 0 0 0 0 0 0 0 0 0 0 0 0 0 0 0 0 0 0 0 0 0 0 0 0 0 0
0 0 38 38 39 46 63 59 59 67 94 134 237 226 167 203 231 305 426 480 607 541 536 644 604 526 452 455 391 423 375 613 553 366 524 585 491 460 457 473 604 745 617 371 233 308 283 185 98 46 93 100 56 93 134 168 292 372 313 195 92 21 0 0 0 0 0 0 0 0 0 0 0 0 0 0 0 0 0 0 0 0 0 0 0 0 0 0 0 0 0 0 0 0 0 0
0 0 29 31 39 50 50 51 60 82 103 149 161 140 166 172 219 308 392 480 679 711 705 722 595 561 482 392 363 334 337 506 453 406 564 652 638 496 490 517 646 873 682 409 246 208 176 113 103 63 167 90 181 90 67 172 344 380 257 195 74 14 0 0 0 0 0 0 0 0 0 0 0 0 0 0 0 0 0 0 0 0 0 0 0 0 0 0 0 0 0 0 0 0 0 0
0 0 25 33 39 41 48 52 64 90 114 164 167 152 157 187 248 251 342 579 780 693 673 671 607 690 597 532 484 307 327 379 480 557 708 762 746 616 562 538 693 899 636 376 212 162 108 64 64 171 217 98 188 227 88 133 270 275 177 94 67 58 0 0 0 0 0 0 0 0 0 0 0 0 0 0 0 0 0 0 0 0 0 0 0 0 0 0 0 0 0 0 0 0 0 0
0 0 32 33 36 49 64 77 79 94 125 160 161 174 211 258 298 299 294 480 694 600 615 572 529 636 595 512 350 292 387 616 670 732 679 583 738 725 609 639 702 779 518 415 257 171 82 127 155 301 362 182 132 297 153 78 156 211 279 188 121 97 10 0 0 0 0 0 0 0 0 0 0 0 0 0 0 0 0 0 0 0 0 0 0 0 0 0 0 0 0 0 0 0 0 0
0 0 30 35 42 49 55 82 78 85 111 148 155 195 251 316 337 348 372 401 622 588 569 592 503 573 616 525 388 301 443 610 573 557 460 445 575 655 536 632 686 706 457 350 245 207 66 73 310 462 416 284 168 259 209 127 101 222 327 283 203 110 0 0 0 0 0 0 0 0 0 0 0 0 0 0 0 0 0 0 0 0 0 0 0 0 0 0 0 0 0 0 0 0 0 0
0 0 31 36 45 48 51 68 100 100 115 156 192 264 341 402 357 364 445 551 603 596 507 535 533 652 603 434 342 265 379 399 554 391 408 464 477 563 491 523 669 711 498 275 159 78 86 79 188 312 354 227 266 225 337 293 104 162 193 277 200 113 14 0 0 0 0 0 0 0 0 0 0 0 0 0 0 0 0 0 0 0 0 0 0 0 0 0 0 0 0 0 0 0 0 0
0 0 41 38 47 67 61 72 107 123 119 159 201 310 439 408 380 408 527 670 599 565 456 377 491 594 560 496 374 273 323 339 413 371 451 625 520 495 592 589 683 514 436 224 88 129 299 152 174 197 323 324 446 358 448 272 129 136 167 254 258 100 26 0 0 0 0 0 0 0 0 0 0 0 0 0 0 0 0 0 0 0 0 0 0 0 0 0 0 0 0 0 0 0 0 0
0 0 53 51 57 71 73 74 109 121 122 164 193 274 310 331 343 468 625 658 623 578 516 424 352 427 480 402 456 325 374 389 381 520 529 646 667 550 592 634 740 440 242 225 73 197 388 289 304 176 326 403 635 547 480 277 181 120 155 218 260 110 43 0 0 0 0 0 0 0 0 0 0 0 0 0 0 0 0 0 0 0 0 0 0 0 0 0 0 0 0 0 0 0 0 0
0 0 48 57 59 60 60 72 104 105 95 126 147 185 216 269 331 431 503 643 659 623 497 437 406 325 327 348 460 311 314 386 544 718 588 813 667 548 545 589 621 371 227 148 77 284 527 451 369 412 279 472 649 555 564 308 286 216 169 182 253 260 122 25 0 0 0 0 0 0 0 0 0 0 0 0 0 0 0 0 0 0 0 0 0 0 0 0 0 0 0 0 0 0 0 0
