tests/grid_standard/gdal_grid/test_arc_ascii.asc
north: 16.008194444
south: 15.008194444
east: 121.999861111
west: 120.999861111
rows: 120
cols: 120
[rows 0 to 57 of 120, columns 0 to 95 of 120]
NODATA_value -32768.0 415 364 333 330 289 281 309 291 310 377 281 316 416 616 825 918 943 994 958 897 962 1119 1309 1141 939 914 970 1068 956 1066 903 774 825 737 665 726 639 607 589 588 503 499 632 919 964 627 448 443 407 370 480 694 796 751 528 494 812 982 1042 1055 1227 1283 1412 1441 1436 1355 1335 1423 1273 1083 804 626 482 508 390 318 152 114 67 15 1 0 0 0 0 0 0 0 0 0 0 0 0 0
0 0 373 338 306 316 278 273 278 275 306 290 308 377 467 633 801 814 834 861 862 826 866 1123 1145 1060 976 1005 1040 1186 1262 1067 1141 856 769 725 973 1079 836 812 723 699 688 553 602 836 666 521 527 422 480 531 480 642 882 846 627 471 669 827 1121 1320 1518 1509 1507 1289 1344 1225 1150 1164 998 842 633 461 363 302 256 176 86 46 33 2 0 0 0 0 0 0 0 0 0 0 0 0 0 0
0 0 334 367 328 288 269 265 260 274 263 268 402 511 428 544 601 584 681 771 847 766 792 947 1040 1001 1027 1089 1184 1301 1483 1350 1142 977 805 931 1175 1319 1009 927 798 895 809 552 631 899 859 570 603 656 594 618 531 731 741 627 538 490 641 812 974 1136 1287 1295 1259 1146 1251 1142 1085 971 702 675 631 402 251 157 165 70 68 26 8 0 0 0 0 0 0 0 0 0 0 0 0 0 0 0
0 0 308 368 363 283 275 256 252 251 255 274 427 508 361 447 419 621 713 756 834 800 702 784 804 813 957 1158 1454 1437 1749 1615 1182 996 869 957 1193 1372 1102 982 1080 1029 835 736 568 766 925 705 564 621 717 663 609 739 746 684 755 551 667 764 897 1024 1239 1123 1037 987 1014 1025 1031 843 531 512 384 334 208 85 85 54 94 30 18 0 0 0 0 0 0 0 0 0 0 0 0 0 0 0
0 0 308 321 342 303 291 272 243 246 251 278 331 361 327 395 398 492 521 659 840 890 776 649 648 758 816 910 1229 1528 1683 1711 1380 1046 913 996 1269 1516 1250 1164 1333 1225 1020 834 587 658 898 870 631 598 753 828 779 953 901 874 663 563 829 838 905 965 1026 1017 872 843 889 897 686 567 348 397 306 179 101 55 31 61 80 51 9 0 0 0 0 0 0 0 0 0 0 0 0 0 0 0
0 0 329 300 287 298 287 280 240 243 246 277 281 268 293 326 350 444 610 825 1043 1043 917 757 561 674 734 751 1014 1388 1496 1701 1579 1342 1060 1053 1110 1396 1334 1483 1546 1146 876 856 658 573 814 834 686 684 702 882 1005 1195 1098 819 587 645 661 815 731 771 879 834 847 1027 963 775 492 456 256 318 199 109 88 80 21 1 3 0 0 0 0 0 0 0 0 0 0 0 0 0 0 0 0 0
0 0 335 309 281 301 324 304 262 238 241 243 248 263 277 298 362 475 616 798 922 924 773 643 508 544 630 791 1075 1461 1392 1470 1523 1514 1392 1338 1308 1574 1526 1661 1553 1123 830 618 749 623 658 842 906 908 713 777 1036 1293 1042 795 619 707 861 1022 884 705 766 775 908 1143 910 568 493 351 218 156 190 153 165 202 41 0 0 0 0 0 0 0 0 0 0 0 0 0 0 0 0 0 0 0
0 0 287 278 270 296 337 344 315 234 236 238 267 297 289 279 298 406 564 673 705 745 624 450 481 595 760 887 1016 1346 1311 1319 1366 1460 1569 1521 1765 1657 1417 1483 1453 1024 809 622 870 813 627 747 934 963 887 1019 1124 1054 1038 1004 746 727 1055 1123 918 849 802 777 785 904 708 447 284 343 270 121 81 68 26 31 2 0 0 0 0 0 0 0 0 0 0 0 0 0 0 0 0 0 0 0
0 0 282 270 294 340 330 337 318 302 260 228 261 306 300 277 261 304 440 531 526 510 459 448 619 731 911 1199 1138 1271 1173 1267 1198 1265 1407 1318 1513 1432 1350 1334 1464 1096 815 654 944 1055 729 784 935 1114 1124 1006 956 835 790 782 822 686 812 962 1190 970 865 751 487 456 374 334 211 213 217 234 139 54 5 0 0 0 0 0 0 0 0 0 0 0 0 0 0 0 0 0 0 0 0 0
0 0 261 374 386 374 327 313 300 297 276 279 244 251 294 269 242 268 325 405 373 336 394 558 746 867 1069 1082 1034 901 907 1033 1194 1075 1210 1186 1237 1255 1133 1131 1334 991 880 704 1070 1065 774 762 1031 1150 999 879 883 885 976 884 720 679 870 1110 1221 968 780 578 459 331 226 182 115 114 78 57 11 0 0 0 0 0 0 0 0 0 0 0 0 0 0 0 0 0 0 0 0 0 0 0
0 0 260 269 488 463 352 337 341 342 344 351 287 230 235 266 277 274 292 304 288 347 415 614 761 896 970 877 970 778 718 902 1164 1093 1006 1056 1068 1126 1101 1006 1209 971 732 755 912 1099 843 788 1005 1006 915 996 1138 1009 1039 945 735 792 811 962 1111 897 761 784 627 464 409 411 246 51 22 1 0 0 0 0 0 0 0 0 0 0 0 0 0 0 0 0 0 0 0 0 0 0 0 0
0 0 313 246 393 484 390 383 383 363 360 326 286 248 239 308 271 258 274 271 307 402 479 556 581 692 782 742 928 775 596 780 885 1008 1080 965 966 995 919 882 909 823 822 931 823 1089 1019 946 926 980 1024 1218 1183 1004 1001 884 782 738 958 1055 1074 917 621 479 567 492 240 194 178 97 4 0 0 0 0 0 0 0 0 0 0 0 0 0 0 0 0 0 0 0 0 0 0 0 0 0
0 0 343 255 418 594 483 376 369 365 327 333 277 256 227 275 249 253 264 261 337 395 394 414 453 579 674 666 828 703 525 603 701 888 893 836 913 908 824 881 861 813 861 1030 838 1079 1358 1186 1011 983 985 1153 1092 959 852 787 731 757 854 763 791 713 487 333 368 357 253 131 72 10 0 0 0 0 0 0 0 0 0 0 0 0 0 0 0 0 0 0 0 0 0 0 0 0 0 0
0 0 302 227 399 593 516 376 330 340 333 301 273 226 224 285 256 254 219 234 256 320 336 395 499 553 512 648 800 761 522 537 669 672 682 677 861 1038 886 978 1068 1007 1046 1173 916 1078 1350 1342 974 648 724 931 998 880 701 722 793 773 654 521 657 595 424 282 214 272 232 157 15 0 0 0 0 0 0 0 0 0 0 0 0 0 0 0 0 0 0 0 0 0 0 0 0 0 0 0
0 0 367 239 234 443 646 545 420 321 306 272 278 259 214 256 265 221 211 241 274 310 333 385 432 435 510 565 682 802 577 522 597 532 551 672 918 1110 1005 928 1090 1214 1315 1246 1060 1263 1352 1226 997 625 477 614 811 820 534 480 628 611 566 420 442 388 494 409 190 164 104 28 3 0 0 0 0 0 0 0 0 0 0 0 0 0 0 0 0 0 0 0 0 0 0 0 0 0 0 0
0 0 475 281 226 377 573 719 678 600 542 352 241 245 206 206 208 203 232 240 263 277 288 314 359 415 438 565 665 769 610 427 447 533 591 810 908 1034 1202 1106 1041 1158 1364 1392 1298 1458 1373 1026 712 512 481 378 503 649 565 316 433 391 424 317 399 284 334 257 120 81 98 20 0 0 0 0 0 0 0 0 0 0 0 0 0 0 0 0 0 0 0 0 0 0 0 0 0 0 0 0
0 0 450 270 212 365 443 534 668 727 638 468 255 219 221 211 204 202 228 297 368 298 303 292 336 369 440 548 596 578 479 385 505 595 622 867 768 862 1170 1291 1182 1134 1224 1360 1347 1362 1085 1042 986 711 657 382 330 446 433 337 238 247 240 281 231 162 143 178 110 46 46 11 0 0 0 0 0 0 0 0 0 0 0 0 0 0 0 0 0 0 0 0 0 0 0 0 0 0 0 0
0 0 384 329 203 300 393 355 423 504 491 417 275 253 235 264 227 202 212 278 365 362 352 330 353 373 400 447 478 448 365 390 507 573 583 755 607 725 911 1038 1077 1015 1165 1204 1059 981 846 1104 985 811 625 433 264 295 341 323 249 176 174 209 164 72 51 60 51 35 28 9 0 0 0 0 0 0 0 0 0 0 0 0 0 0 0 0 0 0 0 0 0 0 0 0 0 0 0 0
0 0 338 310 198 232 258 283 330 370 365 314 285 317 278 269 248 204 202 207 236 269 271 295 334 406 433 497 395 322 318 361 418 509 660 724 558 558 703 894 865 904 968 1003 801 719 774 1022 1014 822 609 392 253 219 328 446 332 275 168 153 186 56 28 21 15 18 19 9 0 0 0 0 0 0 0 0 0 0 0 0 0 0 0 0 0 0 0 0 0 0 0 0 0 0 0 0
0 0 333 280 208 169 206 307 413 415 391 337 325 383 290 229 211 205 203 202 202 205 216 232 253 305 373 428 334 279 372 398 493 588 714 660 491 651 831 850 677 942 780 731 630 628 794 958 989 708 620 494 311 202 332 458 356 202 123 122 223 130 34 15 13 12 12 10 0 0 0 0 0 0 0 0 0 0 0 0 0 0 0 0 0 0 0 0 0 0 0 0 0 0 0 0
0 0 207 213 174 163 180 282 421 535 518 444 369 334 274 230 202 203 205 202 202 202 202 203 207 230 300 377 301 275 364 502 536 580 614 571 424 499 633 650 604 788 638 541 551 715 792 957 763 607 460 441 386 198 279 287 229 199 107 130 128 60 18 13 12 13 14 11 0 0 0 0 0 0 0 0 0 0 0 0 0 0 0 0 0 0 0 0 0 0 0 0 0 0 0 0
0 0 141 133 133 136 158 250 377 504 563 464 363 303 230 203 202 225 256 216 202 202 202 202 202 208 261 294 269 293 493 596 486 417 411 536 405 430 518 466 459 499 455 474 668 804 845 939 743 491 356 345 340 209 206 163 104 85 70 89 97 60 22 15 14 12 13 13 0 0 0 0 0 0 0 0 0 0 0 0 0 0 0 0 0 0 0 0 0 0 0 0 0 0 0 0
0 0 132 126 127 131 143 263 395 460 496 447 399 288 247 202 213 241 292 239 208 205 202 202 202 202 209 209 218 306 364 411 458 398 332 397 344 437 487 435 395 413 390 478 545 699 912 873 736 504 330 274 231 178 126 111 93 59 112 125 34 24 23 17 13 11 11 14 0 0 0 0 0 0 0 0 0 0 0 0 0 0 0 0 0 0 0 0 0 0 0 0 0 0 0 0
0 0 122 119 125 132 144 216 330 414 431 384 328 287 211 205 218 230 265 258 236 223 220 217 204 202 208 226 242 244 241 270 314 344 298 301 305 353 398 407 344 386 462 517 606 774 871 668 571 430 259 185 158 141 124 92 133 71 53 52 33 29 19 16 13 10 12 15 1 0 0 0 0 0 0 0 0 0 0 0 0 0 0 0 0 0 0 0 0 0 0 0 0 0 0 0
0 0 115 117 122 128 140 163 280 329 334 293 282 214 187 190 249 242 262 311 307 277 292 280 245 246 219 217 236 257 319 245 237 246 286 359 356 309 322 335 327 366 454 482 576 700 815 676 439 333 270 185 129 93 79 68 68 52 43 39 31 25 19 16 13 11 11 14 4 0 0 0 0 0 0 0 0 0 0 0 0 0 0 0 0 0 0 0 0 0 0 0 0 0 0 0
0 0 110 112 116 121 132 151 200 275 304 233 250 176 166 157 247 306 302 383 407 377 365 388 348 323 283 276 241 239 327 278 334 329 319 373 403 322 312 305 319 346 409 512 540 648 674 570 528 461 419 272 159 107 72 58 54 51 39 36 29 22 20 19 15 11 12 15 8 0 0 0 0 0 0 0 0 0 0 0 0 0 0 0 0 0 0 0 0 0 0 0 0 0 0 0
0 0 105 107 112 116 129 145 165 236 315 257 185 144 199 225 270 300 294 395 471 440 378 390 422 423 338 353 278 265 298 385 534 587 517 522 443 330 365 304 300 363 432 481 448 486 536 635 658 566 495 343 222 153 71 49 51 39 38 33 28 22 19 19 16 16 18 15 7 0 0 0 0 0 0 0 0 0 0 0 0 0 0 0 0 0 0 0 0 0 0 0 0 0 0 0
0 0 103 103 107 113 125 140 158 191 290 266 169 132 175 203 269 266 282 391 414 347 372 426 443 454 419 341 267 280 283 337 457 605 642 613 437 356 380 311 259 297 343 368 377 449 519 518 527 397 382 395 239 137 75 44 48 36 31 30 27 24 22 18 14 18 13 12 9 2 0 0 0 0 0 0 0 0 0 0 0 0 0 0 0 0 0 0 0 0 0 0 0 0 0 0
0 0 101 100 104 112 123 134 151 177 256 270 182 120 116 129 201 232 243 262 261 288 342 479 473 494 429 336 290 302 323 357 414 562 620 653 514 393 377 317 271 248 273 327 376 383 399 370 386 359 248 275 182 96 63 46 56 35 33 33 30 23 23 21 16 17 13 12 11 5 0 0 0 0 0 0 0 0 0 0 0 0 0 0 0 0 0 0 0 0 0 0 0 0 0 0
0 0 103 97 101 106 116 124 136 162 217 276 208 152 111 134 172 185 178 283 379 388 368 390 459 441 391 343 346 298 337 406 482 562 699 720 621 476 453 347 297 277 242 383 496 426 325 251 317 311 217 167 133 74 53 49 59 38 35 33 26 21 20 20 17 19 14 10 9 9 2 0 0 3 25 1 0 0 0 0 0 0 0 0 0 0 0 0 0 0 0 0 0 0 0 0
0 0 99 96 102 103 109 115 123 147 172 214 208 118 128 152 159 167 143 228 371 431 422 366 385 377 437 398 390 320 358 402 559 680 799 899 795 723 517 349 294 246 207 262 304 353 286 203 204 254 233 154 96 62 55 54 44 41 37 54 29 24 24 23 19 16 14 12 12 10 7 25 12 87 166 123 84 20 1 0 0 0 0 0 0 0 0 0 0 0 0 0 0 0 0 0
0 0 93 96 100 100 102 105 109 119 139 161 181 106 121 166 140 135 133 164 279 375 342 289 341 363 481 550 488 405 416 461 600 684 866 1020 949 711 508 372 267 315 297 183 183 228 243 165 134 164 119 83 75 92 77 78 92 64 110 89 35 30 28 25 19 16 13 11 11 11 12 82 101 77 188 276 201 149 10 0 0 0 0 0 0 0 0 0 0 0 0 0 0 0 0 0
0 0 90 94 97 98 105 96 97 103 117 129 156 104 99 120 119 115 128 148 208 246 243 225 310 404 464 539 569 498 580 454 634 727 727 844 950 837 506 412 282 307 344 246 210 135 132 128 110 93 96 125 217 165 128 115 140 109 214 168 45 35 33 27 20 16 14 15 15 21 51 199 203 121 264 302 123 72 23 0 0 0 0 0 0 0 0 0 0 0 0 0 0 0 0 0
0 0 88 92 94 95 122 98 92 93 99 100 138 147 93 96 132 133 127 130 175 218 221 196 266 375 468 546 565 522 620 530 527 637 707 837 925 753 581 469 277 327 372 236 245 318 282 305 200 180 193 223 250 159 132 106 144 217 233 190 54 38 37 32 24 21 22 17 30 108 182 285 307 171 268 394 323 221 112 0 0 0 0 0 0 0 0 0 0 0 0 0 0 0 0 0
0 0 86 89 91 92 93 95 94 92 89 86 88 116 94 95 131 142 125 118 126 142 168 150 235 349 421 555 556 526 581 600 575 723 904 897 850 642 513 407 280 351 341 287 408 549 518 508 269 335 376 352 237 166 114 100 117 159 162 81 46 43 39 32 25 39 50 36 41 207 302 300 358 247 331 326 410 327 152 0 0 0 0 0 0 0 0 0 0 0 0 0 0 0 0 0
0 0 82 86 88 88 90 91 92 91 87 83 80 82 94 89 139 150 160 132 109 109 134 125 167 251 323 440 490 553 597 663 663 737 793 881 709 554 448 406 325 462 481 363 460 618 718 557 282 384 506 394 277 290 193 91 74 71 70 53 50 44 38 34 27 60 36 78 117 222 445 400 443 340 206 196 276 150 55 0 0 0 0 0 0 0 0 0 0 0 0 0 0 0 0 0
0 0 80 83 85 86 86 87 87 90 86 83 80 82 85 86 114 129 130 131 101 104 111 117 144 191 261 340 398 498 511 572 703 662 729 799 753 596 520 528 381 477 436 386 408 528 626 459 352 444 502 462 381 406 229 83 73 71 73 63 53 40 39 35 35 52 49 109 184 241 396 442 523 452 182 21 22 0 4 0 0 0 0 0 0 0 0 0 0 0 0 0 0 0 0 0
0 0 76 81 83 82 84 83 83 84 82 82 81 80 81 81 84 92 94 96 91 94 101 118 139 177 214 230 317 445 427 504 506 693 725 798 776 608 552 556 391 352 408 438 510 473 558 495 481 481 485 508 456 293 128 85 86 98 111 102 77 51 48 40 52 74 79 80 99 166 258 241 441 476 266 27 0 0 0 0 0 0 0 0 0 0 0 0 0 0 0 0 0 0 0 0
0 0 76 78 79 80 80 80 79 78 80 80 79 78 79 78 79 78 80 82 88 94 116 148 144 141 175 218 256 325 349 385 518 698 648 622 706 647 600 484 458 393 433 517 606 665 642 597 573 492 395 407 310 202 98 118 149 236 198 169 136 88 60 65 144 312 251 320 249 172 173 251 344 318 225 47 0 0 0 0 0 0 0 0 0 0 0 0 0 0 0 0 0 0 0 0
0 0 74 74 75 78 77 78 75 76 78 79 77 77 78 76 75 77 76 78 83 103 141 211 236 206 178 161 189 222 257 378 532 527 498 550 696 707 629 608 669 533 418 624 627 674 708 771 684 578 393 253 182 128 111 238 342 646 456 339 312 195 186 153 342 581 454 609 477 271 217 316 110 37 0 0 0 0 0 0 0 0 0 0 0 0 0 0 0 0 0 0 0 0 0 0
0 0 72 71 73 76 74 75 73 74 75 77 76 74 74 74 73 74 74 76 81 87 103 155 210 233 217 195 186 184 223 267 335 359 424 525 594 669 832 815 700 548 500 500 615 705 743 806 676 645 447 297 218 136 179 346 618 916 599 516 434 318 349 310 477 505 617 657 494 254 222 224 46 3 28 9 0 0 0 0 0 0 0 0 0 0 0 0 0 0 0 0 0 0 0 0
0 0 69 68 73 73 72 72 71 72 74 74 75 72 71 71 71 72 74 76 81 88 96 105 124 132 141 146 157 170 185 260 271 325 381 438 577 878 1150 1214 823 849 819 659 844 1078 1042 923 735 473 347 261 203 188 249 541 928 947 698 807 474 434 472 463 682 554 750 699 411 247 355 175 98 50 289 128 0 0 0 0 0 0 0 0 0 0 0 0 0 0 0 0 0 0 0 0
0 0 64 66 70 69 69 67 68 71 72 73 73 70 69 69 69 68 74 76 80 86 93 101 110 118 131 150 202 229 265 280 310 283 359 483 717 1156 1410 1446 1139 1200 1172 1000 743 1046 1322 1148 795 588 448 423 535 373 343 634 1037 1039 1023 924 561 707 601 729 938 776 812 515 352 430 416 250 242 246 278 208 2 0 0 0 0 0 0 0 0 0 0 0 0 0 0 0 0 0 0 0
0 0 64 66 67 66 64 66 69 69 70 70 72 71 69 67 66 67 71 74 79 84 89 96 104 115 123 170 268 319 465 439 313 303 368 630 1022 1221 1326 1415 1280 1377 1487 1234 927 1015 1279 1086 816 626 543 644 896 450 324 590 962 1239 1264 1006 747 873 752 949 1020 963 763 557 533 492 305 109 308 191 105 17 0 0 0 0 0 0 0 0 0 0 0 0 0 0 0 0 0 0 0 0
0 0 62 63 64 64 64 66 67 68 68 69 69 70 70 64 64 65 68 72 76 81 83 89 97 106 125 243 379 403 587 536 505 423 385 684 963 1145 1461 1576 1336 1345 1267 1399 1326 1197 1281 1001 869 706 619 858 802 427 379 572 835 1214 1452 1141 1064 1019 930 972 728 785 707 543 366 199 100 50 57 16 0 0 0 0 0 0 0 0 0 0 0 0 0 0 0 0 0 0 0 0 0 0
0 0 59 62 61 64 64 64 65 66 67 67 67 68 70 66 63 62 66 70 74 78 78 81 89 96 110 209 368 492 536 664 671 650 435 522 989 1051 1266 1283 994 948 999 1128 1354 1303 1337 1211 1139 845 981 890 544 365 578 838 1123 1155 1233 1217 1068 1034 785 648 560 564 685 491 393 246 150 47 1 1 0 0 0 0 0 0 0 0 0 0 0 0 0 0 0 0 0 0 0 0 0 0
0 0 58 59 59 62 62 63 63 64 65 66 66 67 69 72 62 61 63 67 71 73 75 77 84 85 91 122 214 326 513 710 836 873 598 438 729 698 863 825 722 899 1137 1089 1388 1685 1655 1572 1345 1147 1002 645 435 577 480 775 1186 1118 842 903 740 711 801 515 370 569 410 220 236 178 208 44 0 0 0 0 0 0 0 0 0 0 0 0 0 0 0 0 0 0 0 0 0 0 0 0
0 0 56 57 57 60 60 60 61 63 64 64 65 66 65 72 68 60 60 64 67 68 71 73 75 76 80 119 305 429 489 539 748 899 839 701 464 553 550 577 800 1184 1407 1304 1370 1571 1616 1475 1369 1174 932 762 595 874 524 664 1087 1211 906 676 513 503 617 424 280 322 282 89 121 69 66 0 0 0 0 0 0 0 0 0 0 0 0 0 0 0 0 0 0 0 0 0 0 0 0 0
0 0 53 55 57 59 59 58 60 61 62 63 64 61 57 62 67 59 60 62 64 64 66 67 68 69 71 95 159 239 416 649 795 901 1012 961 807 766 893 875 1162 1372 1677 1700 1598 1421 1205 1277 1033 1105 1034 683 711 737 642 833 1154 1373 1189 776 571 391 295 226 170 125 288 148 30 11 3 0 0 0 0 0 0 0 0 0 0 0 0 0 0 0 0 0 0 0 0 0 0 0 0 0
0 0 51 54 55 57 57 56 58 59 59 62 58 57 58 61 60 57 59 60 62 63 64 67 68 68 70 82 114 241 422 591 727 662 989 1166 1085 903 1215 1120 1351 1614 1430 1332 1307 1434 1058 1016 897 1254 1234 743 782 693 938 1179 1015 1121 1223 942 774 548 398 284 287 135 344 319 200 46 0 0 0 0 0 0 0 0 0 0 0 0 0 0 0 0 0 0 0 0 0 0 0 0 0 0
0 0 49 51 53 55 55 55 57 57 58 57 52 55 54 63 77 68 59 60 62 64 64 67 70 71 71 73 85 150 267 402 444 550 780 986 1242 1294 1452 1451 1409 1354 1152 928 1094 1285 856 797 953 1268 1054 954 1049 993 1100 1170 841 808 957 830 536 423 484 541 297 77 174 196 261 23 0 0 0 0 0 0 0 0 0 0 0 0 0 0 0 0 0 0 0 0 0 0 0 0 0 0
0 0 48 50 52 53 53 53 55 55 57 55 52 54 57 65 80 91 67 61 62 63 65 67 69 72 74 74 85 118 179 291 540 756 936 1044 1185 1422 1512 1471 1169 1300 1104 777 985 1024 755 829 1114 1117 817 967 1216 1278 1404 1296 915 555 699 486 425 259 338 295 289 84 22 64 14 0 0 0 0 0 0 0 0 0 0 0 0 0 0 0 0 0 0 0 0 0 0 0 0 0 0 0
0 0 46 48 50 51 51 52 53 55 57 53 51 63 74 80 95 101 83 64 65 63 65 66 67 77 81 77 79 107 132 207 463 533 628 735 992 1260 1084 1159 1128 1151 811 847 671 760 640 924 1094 826 713 858 1068 1423 1582 1228 896 659 387 266 241 202 143 126 85 40 16 0 0 0 0 0 0 0 0 0 0 0 0 0 0 0 0 0 0 0 0 0 0 0 0 0 0 0 0 0
0 0 46 47 48 49 48 50 52 55 55 52 49 71 76 91 129 141 101 68 80 66 66 71 85 123 104 90 83 89 106 132 259 378 650 867 1031 1189 1058 1017 1236 1018 697 813 777 582 688 640 753 639 792 959 1155 1451 1594 1304 1218 1032 673 392 285 333 287 342 212 96 2 0 0 0 0 0 0 0 0 0 0 0 0 0 0 0 0 0 0 0 0 0 0 0 0 0 0 0 0 0
0 0 43 43 41 43 47 47 47 50 48 48 50 71 77 87 108 156 146 71 108 89 82 85 102 179 126 111 103 93 90 117 165 287 534 682 857 1094 1110 883 1089 827 650 498 565 623 529 582 569 614 709 881 1041 1389 1454 1052 1137 1231 972 567 361 523 518 271 107 34 0 0 0 0 0 0 0 0 0 0 0 0 0 0 0 0 0 0 0 0 0 0 0 0 0 0 0 0 0 0
0 0 37 39 40 41 42 43 43 45 53 60 70 73 79 88 108 147 158 74 117 126 126 118 131 185 149 137 124 102 174 120 113 173 350 670 823 921 905 823 1103 813 603 486 694 648 786 834 787 764 917 1071 1331 1544 1290 954 812 991 1000 534 255 391 251 62 53 42 0 0 0 0 0 0 0 0 0 0 0 0 0 0 0 0 0 0 0 0 0 0 0 0 0 0 0 0 0 0
0 0 38 40 39 42 42 44 45 46 51 61 60 65 75 98 111 137 157 78 97 136 156 187 222 183 207 190 153 126 201 273 132 109 189 378 592 740 657 754 968 635 422 455 888 1088 1160 992 1073 895 1002 1157 1403 1369 1018 864 725 787 850 405 191 183 120 5 0 0 0 0 0 0 0 0 0 0 0 0 0 0 0 0 0 0 0 0 0 0 0 0 0 0 0 0 0 0 0 0
0 0 41 41 41 41 42 43 47 51 56 55 62 69 73 96 105 159 180 83 100 132 135 171 259 233 216 206 171 182 171 278 297 138 102 168 316 432 595 482 747 437 533 851 1129 1334 1380 1322 1225 1056 1133 1229 1515 1389 894 748 660 706 789 342 161 45 28 0 0 0 0 0 0 0 0 0 0 0 0 0 0 0 0 0 0 0 0 0 0 0 0 0 0 0 0 0 0 0 0 0
