gsshapy/tests/standard/standard.ele
north: 4297782.463636
south: 4291482.463636
east: 245217.146238
west: 238467.146238
rows: 70
cols: 75
[rows 26 to 51 of 70, columns 0 to 57 of 75]
0.000000 0.000000 0.000000 0.000000 0.000000 0.000000 0.000000 0.000000 0.000000 0.000000 0.000000 0.000000 0.000000 0.000000 0.000000 0.000000 0.000000 0.000000 0.000000 0.000000 0.000000 0.000000 0.000000 0.000000 164.701294 162.051712 159.402130 165.267776 166.000000 162.995361 150.019547 160.976288 154.017700 155.000000 149.927536 149.963760 161.596008 170.267776 164.010269 161.101974 163.274628 164.811508 168.000000 170.000000 171.138062 165.256348 167.000000 169.000000 170.611206 169.337585 171.157806 169.233826 165.519119 167.827972 170.000000 167.000000 167.000000 169.056458
0.000000 0.000000 0.000000 0.000000 0.000000 0.000000 0.000000 0.000000 0.000000 0.000000 0.000000 0.000000 0.000000 0.000000 0.000000 0.000000 0.000000 0.000000 0.000000 0.000000 0.000000 0.000000 0.000000 0.000000 167.000000 168.000000 167.641251 159.861664 156.574448 160.371048 150.000000 152.790344 149.818832 149.855072 149.891296 163.419296 168.000000 166.790344 167.734711 170.209656 170.095932 169.209656 169.000000 170.000000 167.000000 159.366852 167.000000 167.790344 167.927155 168.063965 171.157806 168.933044 163.519119 166.905045 167.452530 168.000000 165.969894 164.939804
0.000000 0.000000 0.000000 0.000000 0.000000 0.000000 0.000000 0.000000 0.000000 0.000000 0.000000 0.000000 0.000000 0.000000 0.000000 0.000000 0.000000 0.000000 0.000000 0.000000 0.000000 0.000000 0.000000 168.000000 167.000000 165.312927 165.312927 159.696060 153.287216 150.000000 149.710144 149.746368 149.782608 166.000000 156.179352 167.047623 161.635986 162.668991 167.000000 170.000000 168.169739 165.312927 169.729172 168.027023 159.285416 159.326141 164.687073 168.000000 170.000000 171.000000 169.000000 170.000000 161.982529 166.357574 170.000000 167.000000 167.039749 163.909698
0.000000 0.000000 0.000000 0.000000 0.000000 0.000000 0.000000 0.000000 0.000000 0.000000 0.000000 0.000000 0.000000 0.000000 0.000000 0.000000 0.000000 0.000000 0.000000 0.000000 0.000000 0.000000 168.000000 166.762680 167.000000 164.000000 161.508484 166.557632 165.900665 156.600952 149.514603 157.643890 156.620178 157.232193 157.874664 159.569992 160.602982 164.000000 165.333328 168.772858 165.293121 163.664169 169.000000 159.203995 159.244705 167.000000 169.164490 170.000000 171.000000 170.000000 168.000000 167.000000 161.731705 164.357574 171.000000 164.960434 162.920883 162.374405
0.000000 0.000000 0.000000 0.000000 0.000000 0.000000 0.000000 0.000000 0.000000 0.000000 0.000000 0.000000 0.000000 0.000000 0.000000 0.000000 0.000000 0.000000 0.000000 0.000000 0.000000 0.000000 166.227264 164.000000 165.015137 166.000000 161.005661 163.358093 159.745743 149.123535 149.319077 164.641907 161.481384 167.000000 163.573151 161.265305 167.037155 168.000000 166.666672 170.380859 163.184311 162.035217 160.406265 159.163269 168.425613 166.016693 167.000000 170.000000 173.000000 169.997604 170.641907 166.000000 161.480881 168.000000 170.000000 168.000000 160.881317 161.627869
0.000000 0.000000 0.000000 0.000000 0.000000 0.000000 0.000000 0.000000 0.000000 0.000000 0.000000 0.000000 0.000000 0.000000 0.000000 0.000000 0.000000 0.000000 0.000000 0.000000 0.000000 0.000000 162.924271 161.000000 163.042252 165.000000 160.502823 160.000000 157.207809 148.765442 152.192337 168.000000 165.250076 158.880676 162.880676 164.000000 166.119324 167.000000 169.000000 166.045441 161.423065 165.668610 158.977417 159.122559 164.050095 165.033401 167.000000 170.000000 171.815002 169.996262 163.404221 161.808456 161.058151 168.000000 171.000000 162.995880 160.134766 165.676971
0.000000 0.000000 0.000000 0.000000 0.000000 0.000000 0.000000 0.000000 0.000000 0.000000 0.000000 0.000000 0.000000 0.000000 0.000000 0.000000 0.000000 0.000000 0.000000 0.000000 0.000000 0.000000 164.000000 159.680756 165.915497 159.355148 162.000000 153.403244 146.608307 147.686874 160.699203 158.350418 158.254028 157.245636 158.575378 163.137939 164.068970 167.000000 168.000000 165.824020 159.139145 158.687119 158.832260 164.983871 165.887482 166.753342 164.793686 170.000000 170.000000 168.000000 165.000000 160.212677 160.635406 168.259064 167.520233 168.000000 159.430313 164.403244
0.000000 0.000000 0.000000 0.000000 0.000000 0.000000 0.000000 0.000000 0.000000 0.000000 0.000000 0.000000 0.000000 0.000000 0.000000 0.000000 0.000000 0.000000 0.000000 0.000000 0.000000 0.000000 165.074173 158.361496 157.042252 155.972305 154.902359 151.000000 145.529739 147.328430 149.127136 150.925827 152.925827 155.072083 164.000000 163.883026 165.000000 168.000000 168.219315 164.897583 159.885605 154.000000 162.060349 165.896805 168.000000 163.512589 164.450409 171.000000 169.834717 165.926102 165.062469 157.680664 170.035660 168.690079 163.248535 162.141525 158.725861 158.021408
0.000000 0.000000 0.000000 0.000000 0.000000 0.000000 0.000000 0.000000 0.000000 0.000000 0.000000 0.000000 0.000000 0.000000 0.000000 0.000000 0.000000 0.000000 0.000000 0.000000 0.000000 168.000000 165.448410 165.357025 161.000000 163.000000 153.832413 148.204407 145.524368 157.213852 153.597290 163.463058 159.551590 165.227036 164.551590 167.000000 168.000000 168.000000 166.219315 160.448410 163.794800 151.000000 160.134521 165.987885 161.636963 162.574783 168.000000 172.000000 170.477478 164.551590 156.514542 157.097595 167.335953 169.000000 164.355560 161.034500 156.739166 157.380280
0.000000 0.000000 0.000000 0.000000 0.000000 0.000000 0.000000 0.000000 0.000000 0.000000 0.000000 0.000000 0.000000 0.000000 0.000000 0.000000 0.000000 0.000000 0.000000 0.000000 0.000000 166.486847 165.000000 163.029007 156.956512 154.970993 155.251816 145.513641 145.519012 147.234558 150.415924 162.970993 165.257324 162.547440 165.000000 166.000000 168.000000 165.969315 163.196671 156.000000 154.000000 150.837631 150.675278 156.545654 159.091309 164.029007 168.000000 166.970993 162.966202 155.348404 155.931473 161.009262 166.505173 167.000000 161.774948 155.896545 156.098038 160.682404
0.000000 0.000000 0.000000 0.000000 0.000000 0.000000 0.000000 0.000000 0.000000 0.000000 0.000000 0.000000 0.000000 0.000000 0.000000 0.000000 0.000000 0.000000 0.000000 167.000000 165.493576 165.473129 158.000000 155.289780 155.000000 151.012863 148.142212 145.508286 163.396088 152.765442 151.061096 151.730270 163.617004 159.387833 165.000000 167.000000 164.000000 164.000000 160.000000 158.000000 160.506424 163.064240 150.512909 154.000000 165.000000 161.177307 161.493576 153.599213 149.615601 149.846344 156.157806 161.000000 163.743607 161.959503 155.493576 155.695068 157.333328 164.351135
0.000000 0.000000 0.000000 0.000000 0.000000 0.000000 0.000000 0.000000 0.000000 0.000000 0.000000 0.000000 0.000000 0.000000 0.000000 0.000000 0.000000 0.000000 0.000000 0.000000 164.983856 163.976212 164.983856 165.000000 157.015472 152.933014 146.020691 145.502914 165.000000 159.234558 160.821671 152.399460 153.068634 156.228241 167.000000 165.011871 164.000000 160.000000 159.980301 163.631454 165.000000 162.419235 150.350540 150.188187 150.025818 148.308090 148.923416 149.154144 149.384872 150.077072 150.307800 150.538528 150.769272 153.248505 154.372757 161.967697 157.666672 157.687485
0.000000 0.000000 0.000000 0.000000 0.000000 0.000000 0.000000 0.000000 0.000000 0.000000 0.000000 0.000000 0.000000 0.000000 0.000000 0.000000 0.000000 0.000000 0.000000 0.000000 166.000000 163.320496 165.000000 163.796204 154.270126 153.601578 146.000000 145.497559 145.492188 145.486832 163.645416 163.461273 161.711334 159.588394 166.000000 166.000000 161.047867 158.480957 159.000000 167.000000 164.538727 160.703934 150.803421 147.057983 147.077454 147.692780 149.538727 150.000000 152.461273 157.383804 159.842285 163.086960 151.000000 155.818848 166.734772 171.034500 169.049591 157.708298
0.000000 0.000000 0.000000 0.000000 0.000000 0.000000 0.000000 0.000000 0.000000 0.000000 0.000000 0.000000 0.000000 0.000000 0.000000 0.000000 0.000000 0.000000 0.000000 0.000000 167.000000 163.029007 161.426651 157.906326 154.938690 163.119293 145.719269 145.438553 145.443909 145.481461 164.068542 163.039520 162.826569 160.000000 164.000000 166.000000 164.000000 157.877380 156.517242 155.157104 156.948471 159.703934 150.000000 147.038513 154.688828 164.321884 166.938690 167.938690 153.139191 168.000000 166.929016 167.000000 156.234146 157.554779 168.000000 171.000000 167.127045 157.729111
0.000000 0.000000 0.000000 0.000000 0.000000 0.000000 0.000000 0.000000 0.000000 0.000000 0.000000 0.000000 0.000000 0.000000 0.000000 0.000000 0.000000 0.000000 0.000000 0.000000 0.000000 164.000000 162.832214 161.951218 162.416107 166.585037 154.977768 145.157822 144.769348 145.476089 145.470734 156.000000 164.166046 166.998993 164.000000 166.000000 166.000000 166.416107 165.635422 153.796967 150.583893 150.583893 150.291946 147.019043 146.999573 153.583893 155.150558 155.867218 153.817093 160.591370 164.157806 169.548996 164.097092 158.875397 159.026123 164.583893 170.000000 159.711411
0.000000 0.000000 0.000000 0.000000 0.000000 0.000000 0.000000 0.000000 0.000000 0.000000 0.000000 0.000000 0.000000 0.000000 0.000000 0.000000 0.000000 0.000000 0.000000 0.000000 0.000000 164.106476 164.000000 164.106476 164.106476 160.225754 155.893524 146.442368 144.380859 145.460007 145.465363 156.911469 164.106476 164.150299 164.000000 166.106476 166.000000 165.000000 160.598984 157.197983 161.493668 146.921707 146.941177 146.960632 146.980103 152.787064 154.433884 157.574112 154.495010 155.172928 161.364990 168.285339 168.000000 167.961929 159.176865 159.327591 167.106476 168.515625
0.000000 0.000000 0.000000 0.000000 0.000000 0.000000 0.000000 0.000000 0.000000 0.000000 0.000000 0.000000 0.000000 0.000000 0.000000 0.000000 0.000000 0.000000 0.000000 0.000000 0.000000 164.000000 164.000000 161.896683 166.699646 156.163528 156.719177 153.048828 143.992386 153.950607 158.000000 162.741898 160.267807 162.133896 164.000000 163.734695 162.000000 164.000000 164.000000 159.258102 159.629044 146.902237 156.184433 157.370956 156.811447 159.000000 159.701431 160.000000 160.258102 155.850830 156.528748 168.319336 166.022278 167.357574 170.072723 159.478317 159.629044 161.527954
0.000000 0.000000 0.000000 0.000000 0.000000 0.000000 0.000000 0.000000 0.000000 0.000000 0.000000 0.000000 0.000000 0.000000 0.000000 0.000000 0.000000 0.000000 0.000000 0.000000 165.000000 164.401382 157.690063 159.793381 157.957748 152.169724 156.719177 157.733109 143.603912 148.000000 151.073013 161.151627 158.401703 164.937592 164.151627 162.111404 161.864105 158.093857 163.151627 156.380859 146.863297 146.882767 163.134521 164.848373 164.848373 167.702988 170.922424 166.571106 165.087982 163.000000 157.440628 158.352493 159.264374 164.218857 169.317947 166.882858 169.234833 163.426880
0.000000 0.000000 0.000000 0.000000 0.000000 0.000000 0.000000 0.000000 0.000000 0.000000 0.000000 0.000000 0.000000 0.000000 0.000000 0.000000 0.000000 0.000000 0.000000 0.000000 163.898483 160.798920 155.467438 153.066391 151.957748 147.674210 156.393387 154.116577 143.000000 146.325790 147.174210 148.022629 153.000000 165.411606 160.240128 157.322464 162.103775 152.674210 146.727005 146.746475 146.843826 158.243713 161.674210 157.964188 163.674210 168.000000 165.117065 165.531616 165.946152 167.001221 167.000000 167.068512 160.176254 163.750748 168.934113 172.000000 172.494217 165.185089
0.000000 0.000000 0.000000 0.000000 0.000000 0.000000 0.000000 0.000000 0.000000 0.000000 0.000000 0.000000 0.000000 0.000000 0.000000 0.000000 0.000000 0.000000 0.000000 0.000000 0.000000 164.000000 160.975250 154.836304 157.803207 145.782806 143.891403 145.355316 143.000000 150.803207 158.620789 153.589005 163.557205 162.277786 155.084000 151.144577 161.196793 152.057770 146.707535 146.765945 146.824356 153.186676 155.191727 157.196793 157.196793 158.659271 164.702530 168.326828 171.000000 170.996994 167.000000 166.638687 161.088120 164.000000 165.000000 166.000000 168.000000 170.000000
0.000000 0.000000 0.000000 0.000000 0.000000 0.000000 0.000000 0.000000 0.000000 0.000000 0.000000 0.000000 0.000000 0.000000 0.000000 0.000000 0.000000 0.000000 0.000000 0.000000 0.000000 164.000000 164.000000 163.561264 156.707520 158.399918 142.000000 141.850739 144.792191 159.234558 165.000000 164.753357 161.969437 155.874680 153.437347 151.000000 150.748489 144.512726 145.061310 146.785416 146.804886 151.181610 154.464966 163.561264 158.788971 161.280624 170.000000 171.418533 173.000000 170.996262 167.000000 167.000000 162.000000 168.280624 168.084595 166.753860 170.000000 170.000000
0.000000 0.000000 0.000000 0.000000 0.000000 0.000000 0.000000 0.000000 0.000000 0.000000 0.000000 0.000000 0.000000 0.000000 0.000000 0.000000 0.000000 0.000000 0.000000 0.000000 0.000000 161.000000 162.000000 164.796204 156.409775 153.241943 145.280823 141.701477 154.912186 164.572845 159.853973 163.174835 164.000000 158.312027 151.000000 149.177765 143.157043 143.834885 156.538742 158.516098 155.816544 161.928360 157.748322 165.993469 169.000000 168.734604 172.000000 164.876801 165.407227 172.000000 169.877670 167.000000 163.519119 166.844559 171.000000 166.766403 169.000000 169.781235
0.000000 0.000000 0.000000 0.000000 0.000000 0.000000 0.000000 0.000000 0.000000 0.000000 0.000000 0.000000 0.000000 0.000000 0.000000 0.000000 0.000000 0.000000 0.000000 0.000000 161.076111 157.458862 163.000000 162.812515 154.957748 146.000000 143.693909 141.552216 156.396088 159.529984 157.816132 165.000000 163.250076 153.000000 149.573151 148.000000 142.479202 150.928619 153.235474 160.502090 160.329895 165.165756 160.496704 163.245087 167.000000 170.000000 167.011948 164.346359 165.361832 170.000000 170.000000 168.000000 167.000000 168.000000 171.000000 168.042618 170.000000 170.000000
0.000000 0.000000 0.000000 0.000000 0.000000 0.000000 0.000000 0.000000 0.000000 0.000000 0.000000 0.000000 0.000000 0.000000 0.000000 0.000000 0.000000 0.000000 0.000000 0.000000 150.376572 153.917709 161.000000 154.287109 148.244858 141.104431 141.253693 141.402954 159.000000 154.388443 156.102295 161.000000 162.000000 156.118179 152.877441 148.000000 141.801361 148.942230 156.843658 161.287109 162.900436 157.202103 164.038620 167.712891 164.574219 158.937012 157.511642 156.781418 166.452393 164.283371 166.174622 169.059448 170.000000 169.000000 171.000000 170.000000 171.000000 170.701996
0.000000 0.000000 0.000000 0.000000 0.000000 0.000000 0.000000 0.000000 0.000000 0.000000 0.000000 0.000000 0.000000 0.000000 0.000000 0.000000 0.000000 0.000000 0.000000 161.959732 149.537430 154.336563 156.199799 147.796204 139.647751 139.809692 143.909485 149.509659 151.019302 152.703873 160.000000 160.894623 163.297653 157.489944 155.000000 148.000000 141.123520 149.011002 151.809692 152.000000 152.352081 156.486374 164.969818 167.032166 158.377121 150.096497 150.647614 151.198715 152.791092 157.995544 159.402618 160.756577 170.000000 171.190308 170.000000 172.000000 173.000000 173.000000
0.000000 0.000000 0.000000 0.000000 0.000000 0.000000 0.000000 0.000000 0.000000 0.000000 0.000000 0.000000 0.000000 0.000000 0.000000 0.000000 0.000000 0.000000 0.000000 152.814575 148.698288 147.859146 152.088318 139.323883 139.485809 143.000000 146.152512 148.395554 152.528961 159.902283 163.951248 163.332275 161.167877 154.332275 154.000000 147.822845 140.998306 145.667725 146.740601 146.765244 146.789871 147.340973 147.892075 148.443192 148.994293 149.545395 164.667725 162.559143 153.556412 154.530838 155.505280 156.479706 167.332275 170.000000 170.000000 173.000000 174.000000 175.000000
