tests/grid_standard/gssha_project/hotstart/grid_standard_ov_hotstart_20020829_1800.ovh
north: 4628776.27
south: 4623840.14
east: -1080465.94
west: -1087825.09
rows:   493
cols:   735
[rows 84 to 111 of 493, columns 315 to 377 of 735]
0.000533 0.000503 0.000490 0.000509 0.000489 0.000478 0.000416 0.000386 0.000313 0.000280 0.000288 0.000381 0.000357 0.000458 0.000530 0.000622 0.000758 0.001081 0.001777 0.003683 0.032817 0.041854 0.039204 0.024483 0.011637 0.004679 0.002132 0.001182 0.000970 0.000931 0.000903 0.000909 0.000954 0.000831 0.000745 0.000681 0.000656 0.000675 0.000670 0.000686 0.000699 0.000720 0.000718 0.000732 0.000640 0.000568 0.000548 0.000495 0.000472 0.000435 0.000445 0.000420 0.000415 0.000399 0.000375 0.000373 0.000362 0.000347 0.000321 0.000287 0.000257 0.000233 0.000215
0.000585 0.000537 0.000504 0.000519 0.000499 0.000439 0.000406 0.000375 0.000340 0.000288 0.000241 0.000357 0.000370 0.000448 0.000529 0.000639 0.000712 0.000967 0.001712 0.012123 0.042212 0.041471 0.033337 0.017599 0.007121 0.003070 0.001887 0.001297 0.001065 0.000919 0.000948 0.000903 0.000813 0.000841 0.000816 0.000750 0.000694 0.000676 0.000674 0.000653 0.000681 0.000724 0.000733 0.000759 0.000745 0.000631 0.000566 0.000539 0.000521 0.000498 0.000487 0.000478 0.000448 0.000438 0.000447 0.000419 0.000396 0.000393 0.000382 0.000346 0.000298 0.000260 0.000236
0.000613 0.000545 0.000509 0.000500 0.000476 0.000440 0.000418 0.000382 0.000335 0.000306 0.000246 0.000291 0.000396 0.000440 0.000551 0.000600 0.000712 0.000916 0.001513 0.025594 0.047063 0.039159 0.023830 0.011385 0.004565 0.002217 0.001718 0.001582 0.001091 0.000992 0.000902 0.000902 0.000960 0.000948 0.000926 0.000818 0.000730 0.000702 0.000694 0.000695 0.000709 0.000708 0.000792 0.000753 0.000701 0.000701 0.000624 0.000597 0.000575 0.000588 0.000554 0.000542 0.000515 0.000481 0.000472 0.000464 0.000421 0.000415 0.000425 0.000406 0.000344 0.000297 0.000266
0.000758 0.000580 0.000516 0.000488 0.000473 0.000438 0.000412 0.000386 0.000332 0.000308 0.000190 0.000312 0.000381 0.000451 0.000568 0.000598 0.000695 0.000882 0.001482 0.038505 0.051091 0.029704 0.017225 0.007289 0.003423 0.001768 0.001463 0.001391 0.001298 0.000974 0.000972 0.000991 0.000902 0.000896 0.000840 0.000784 0.000732 0.000724 0.000739 0.000712 0.000704 0.000710 0.000747 0.000771 0.000727 0.000728 0.000689 0.000650 0.000657 0.000644 0.000660 0.000605 0.000567 0.000516 0.000530 0.000507 0.000473 0.000458 0.000448 0.000441 0.000406 0.000358 0.000325
0.000921 0.000643 0.000538 0.000488 0.000472 0.000423 0.000388 0.000380 0.000330 0.000274 0.000192 0.000311 0.000352 0.000462 0.000534 0.000618 0.000676 0.000897 0.001672 0.060162 0.041702 0.021894 0.010569 0.004673 0.002239 0.001920 0.001671 0.001230 0.000997 0.001105 0.001014 0.000967 0.000903 0.000902 0.000890 0.000892 0.000790 0.000744 0.000743 0.000733 0.000681 0.000713 0.000738 0.000753 0.000733 0.000760 0.000744 0.000725 0.000695 0.000702 0.000683 0.000636 0.000612 0.000594 0.000559 0.000550 0.000555 0.000503 0.000478 0.000472 0.000441 0.000407 0.000371
0.001170 0.000830 0.000584 0.000500 0.000462 0.000427 0.000411 0.000365 0.000297 0.000293 0.000163 0.000298 0.000352 0.000448 0.000536 0.000613 0.000689 0.000956 0.041433 0.058281 0.032520 0.014118 0.006844 0.003671 0.002184 0.001824 0.001708 0.001705 0.001458 0.001006 0.000950 0.000922 0.000938 0.000884 0.000816 0.000740 0.000764 0.000781 0.000779 0.000737 0.000737 0.000732 0.000744 0.000754 0.000739 0.000769 0.000753 0.000734 0.000706 0.000707 0.000727 0.000677 0.000670 0.000647 0.000620 0.000607 0.000603 0.000575 0.000530 0.000493 0.000468 0.000425 0.000393
0.001058 0.000888 0.000722 0.000531 0.000433 0.000420 0.000392 0.000352 0.000309 0.000261 0.000147 0.000282 0.000363 0.000472 0.000520 0.000596 0.000726 0.017886 0.060782 0.047502 0.022473 0.010416 0.004740 0.002079 0.001646 0.001493 0.001548 0.001492 0.001449 0.001310 0.001001 0.000999 0.000914 0.000826 0.000768 0.000767 0.000816 0.000841 0.000805 0.000781 0.000749 0.000736 0.000740 0.000756 0.000739 0.000762 0.000784 0.000751 0.000725 0.000705 0.000715 0.000714 0.000707 0.000670 0.000707 0.000681 0.000691 0.000660 0.000602 0.000546 0.000518 0.000466 0.000423
0.001047 0.001016 0.000754 0.000566 0.000451 0.000397 0.000369 0.000348 0.000298 0.000220 0.000161 0.000260 0.000356 0.000465 0.000509 0.000635 0.000911 0.058259 0.065143 0.043927 0.015273 0.005153 0.001893 0.001240 0.001150 0.001132 0.001121 0.001083 0.000975 0.000872 0.000980 0.000890 0.000824 0.000789 0.000741 0.000749 0.000787 0.000833 0.000840 0.000778 0.000736 0.000727 0.000722 0.000694 0.000741 0.000755 0.000743 0.000750 0.000746 0.000718 0.000716 0.000720 0.000687 0.000711 0.000741 0.000778 0.000820 0.000818 0.000714 0.000617 0.000552 0.000488 0.000425
0.001018 0.000945 0.000789 0.000641 0.000475 0.000385 0.000358 0.000320 0.000251 0.000175 0.000187 0.000249 0.000340 0.000436 0.000502 0.000653 0.049546 0.070956 0.050098 0.001105 0.001047 0.001039 0.001005 0.000948 0.000949 0.000967 0.001002 0.001021 0.001053 0.001115 0.000935 0.000895 0.000872 0.000816 0.000768 0.000749 0.000762 0.000780 0.000816 0.000785 0.000750 0.000714 0.000724 0.000733 0.000750 0.000759 0.000766 0.000763 0.000752 0.000759 0.000725 0.000676 0.000706 0.000750 0.000789 0.000838 0.000906 0.000840 0.000730 0.000636 0.000521 0.000468 0.000415
0.000898 0.000821 0.000752 0.000677 0.000557 0.000425 0.000338 0.000281 0.000229 0.000179 0.000161 0.000229 0.000315 0.000415 0.000540 0.041648 0.072742 0.062891 0.009458 0.000843 0.000850 0.000895 0.000828 0.000796 0.000777 0.000803 0.000781 0.000763 0.000749 0.000712 0.000848 0.000864 0.000867 0.000820 0.000794 0.000811 0.000832 0.000820 0.000786 0.000795 0.000778 0.000765 0.000749 0.000757 0.000749 0.000743 0.000767 0.000786 0.000796 0.000778 0.000761 0.000717 0.000772 0.000845 0.000877 0.000917 0.000947 0.000850 0.000712 0.000577 0.000513 0.000445 0.000401
0.000829 0.000825 0.000773 0.000641 0.000586 0.000463 0.000370 0.000290 0.000226 0.000183 0.000126 0.000223 0.000292 0.000393 0.027521 0.060037 0.053969 0.000683 0.000547 0.000591 0.000641 0.000664 0.000691 0.000712 0.000755 0.000697 0.000682 0.000713 0.000737 0.000839 0.000835 0.000823 0.000849 0.000879 0.000908 0.000941 0.000929 0.000897 0.000841 0.000825 0.000832 0.000804 0.000791 0.000803 0.000810 0.000808 0.000816 0.000810 0.000795 0.000806 0.000840 0.000814 0.000949 0.001096 0.001087 0.001052 0.000968 0.000820 0.000609 0.000519 0.000488 0.000453 0.000393
0.000795 0.000741 0.000655 0.000666 0.000575 0.000563 0.000429 0.000315 0.000225 0.000155 0.000153 0.000228 0.000313 0.000446 0.061429 0.062373 0.030876 0.000452 0.000474 0.000497 0.000520 0.000531 0.000503 0.000515 0.000518 0.000534 0.000579 0.000649 0.000840 0.000814 0.000787 0.000821 0.000861 0.000921 0.000958 0.001004 0.001001 0.000998 0.000962 0.000927 0.000904 0.000857 0.000836 0.000844 0.000868 0.000890 0.000868 0.000834 0.000851 0.000876 0.000928 0.001074 0.001325 0.001588 0.001437 0.001138 0.000886 0.000631 0.000509 0.000456 0.000456 0.000446 0.000406
0.000783 0.000690 0.000622 0.000582 0.000553 0.000510 0.000473 0.000356 0.000240 0.000162 0.000189 0.000254 0.000353 0.051413 0.073317 0.046443 0.000399 0.000392 0.000396 0.000433 0.000434 0.000445 0.000480 0.000445 0.000483 0.000522 0.000559 0.000685 0.000743 0.000808 0.000753 0.000780 0.000843 0.000959 0.000985 0.001056 0.001074 0.001014 0.001005 0.001004 0.000979 0.000989 0.000954 0.000918 0.000926 0.000929 0.000907 0.000883 0.000909 0.000996 0.001224 0.001575 0.002118 0.002260 0.002052 0.001386 0.000718 0.000527 0.000458 0.000444 0.000471 0.000463 0.000422
0.000821 0.000727 0.000606 0.000582 0.000505 0.000494 0.000408 0.000338 0.000215 0.000194 0.000240 0.000312 0.000536 0.120139 0.071279 0.000308 0.000309 0.000322 0.000368 0.000389 0.000345 0.000427 0.000488 0.000544 0.000498 0.000503 0.000576 0.000655 0.000805 0.000774 0.000786 0.000821 0.000909 0.001021 0.001071 0.001080 0.001126 0.001092 0.001028 0.000996 0.001050 0.001051 0.001020 0.001011 0.000985 0.000998 0.000999 0.001025 0.001103 0.001297 0.001728 0.002144 0.002261 0.001838 0.000878 0.000545 0.000636 0.000527 0.000463 0.000450 0.000467 0.000476 0.000440
0.000879 0.000790 0.000654 0.000544 0.000493 0.000432 0.000369 0.000315 0.000181 0.000187 0.000237 0.000370 0.073916 0.098253 0.016062 0.000275 0.000196 0.000238 0.000301 0.000386 0.000517 0.000533 0.000593 0.000595 0.000601 0.000577 0.000581 0.000656 0.000722 0.000770 0.000823 0.000947 0.001013 0.001054 0.001118 0.001153 0.001180 0.001159 0.001133 0.001074 0.001057 0.001034 0.001063 0.001085 0.001133 0.001118 0.001122 0.001286 0.001503 0.001779 0.002033 0.002123 0.001616 0.000823 0.000501 0.000659 0.000625 0.000540 0.000477 0.000471 0.000481 0.000471 0.000433
0.000969 0.000877 0.000650 0.000577 0.000518 0.000426 0.000362 0.000289 0.000148 0.000226 0.000243 0.033590 0.081505 0.059155 0.005557 0.000425 0.000440 0.000469 0.000568 0.000597 0.000659 0.000686 0.000695 0.000675 0.000615 0.000594 0.000642 0.000664 0.000734 0.000839 0.000918 0.001069 0.001222 0.001201 0.001201 0.001245 0.001205 0.001228 0.001252 0.001227 0.001150 0.001100 0.001098 0.001125 0.001184 0.001233 0.001369 0.001656 0.002074 0.002183 0.002092 0.001761 0.001117 0.000585 0.000532 0.000568 0.000642 0.000554 0.000497 0.000490 0.000489 0.000482 0.000457
0.000917 0.000867 0.000773 0.000737 0.000602 0.000441 0.000379 0.000313 0.000183 0.000260 0.027831 0.062764 0.070402 0.039290 0.003572 0.000550 0.000502 0.000525 0.000560 0.000628 0.000617 0.000612 0.000662 0.000717 0.000690 0.000683 0.000685 0.000716 0.000793 0.000915 0.001113 0.001227 0.001469 0.001412 0.001472 0.001356 0.001247 0.001219 0.001175 0.001239 0.001252 0.001231 0.001228 0.001230 0.001357 0.001475 0.001755 0.002090 0.002453 0.002267 0.001851 0.001318 0.000687 0.000513 0.000530 0.000603 0.000640 0.000601 0.000551 0.000507 0.000489 0.000501 0.000512
0.000999 0.000990 0.000907 0.000928 0.001076 0.001763 0.002671 0.004959 0.010313 0.026243 0.048439 0.060476 0.053621 0.018068 0.001800 0.000580 0.000526 0.000529 0.000609 0.000649 0.000626 0.000649 0.000711 0.000759 0.000739 0.000753 0.000756 0.000857 0.001010 0.001116 0.001220 0.001423 0.001621 0.001731 0.001699 0.001603 0.001501 0.001363 0.001357 0.001338 0.001338 0.001373 0.001496 0.001641 0.001794 0.002014 0.002262 0.002541 0.002388 0.001873 0.001358 0.000883 0.000626 0.000538 0.000546 0.000619 0.000665 0.000670 0.000584 0.000529 0.000507 0.000531 0.000543
0.001167 0.001248 0.001651 0.002182 0.003128 0.005131 0.008210 0.015592 0.025509 0.040975 0.056521 0.051407 0.032344 0.011365 0.001169 0.000657 0.000591 0.000574 0.000643 0.000713 0.000686 0.000679 0.000746 0.000777 0.000794 0.000850 0.000890 0.001053 0.001154 0.001242 0.001371 0.001600 0.001670 0.001905 0.001884 0.001888 0.001849 0.001824 0.001803 0.001664 0.001647 0.001804 0.002101 0.002553 0.002802 0.002975 0.003057 0.002702 0.002178 0.001595 0.001083 0.000783 0.000663 0.000631 0.000658 0.000682 0.000676 0.000656 0.000600 0.000560 0.000537 0.000548 0.000599
0.001597 0.002030 0.002692 0.004212 0.006186 0.008849 0.014215 0.024708 0.033185 0.050737 0.051557 0.038364 0.021246 0.005348 0.001045 0.000775 0.000656 0.000651 0.000696 0.000743 0.000748 0.000743 0.000765 0.000852 0.000884 0.000901 0.000994 0.001170 0.001361 0.001440 0.001559 0.001765 0.001978 0.002017 0.002062 0.002290 0.002242 0.002611 0.002770 0.002759 0.002591 0.002755 0.003202 0.003256 0.003239 0.002952 0.002475 0.001945 0.001387 0.001023 0.000901 0.000778 0.000722 0.000742 0.000777 0.000760 0.000736 0.000688 0.000647 0.000628 0.000620 0.000648 0.000701
0.002464 0.003314 0.004300 0.006280 0.008896 0.014377 0.024878 0.032068 0.046827 0.051540 0.040780 0.026069 0.010564 0.002872 0.001150 0.000935 0.000761 0.000693 0.000722 0.000785 0.000793 0.000785 0.000810 0.000849 0.000891 0.001029 0.001168 0.001349 0.001488 0.001752 0.001751 0.001809 0.002108 0.002171 0.002410 0.002833 0.003241 0.003842 0.004490 0.004555 0.004104 0.003797 0.003473 0.003327 0.002787 0.002293 0.001981 0.001483 0.001138 0.000954 0.000907 0.000845 0.000828 0.000846 0.000847 0.000852 0.000802 0.000774 0.000731 0.000699 0.000704 0.000803 0.000981
0.003708 0.004822 0.006234 0.008657 0.013515 0.020752 0.032418 0.045985 0.050767 0.047713 0.032931 0.012023 0.004166 0.002314 0.001248 0.001068 0.000873 0.000780 0.000778 0.000828 0.000840 0.000843 0.000820 0.000840 0.000987 0.001088 0.001210 0.001469 0.001800 0.001841 0.001845 0.002189 0.002436 0.002621 0.003651 0.004897 0.006232 0.007481 0.007847 0.006456 0.004883 0.003230 0.002465 0.001968 0.001881 0.001841 0.001496 0.001301 0.001116 0.001029 0.000937 0.000876 0.000851 0.000872 0.000880 0.000819 0.000753 0.000754 0.000817 0.000829 0.000885 0.001013 0.001315
0.005148 0.006544 0.008560 0.013270 0.019349 0.028259 0.039144 0.049361 0.046589 0.035702 0.007115 0.001382 0.001276 0.001327 0.001247 0.001148 0.001095 0.000917 0.000847 0.000879 0.000903 0.000894 0.000956 0.000992 0.001046 0.001170 0.001381 0.001599 0.001844 0.002026 0.002403 0.002655 0.003013 0.004008 0.005476 0.006563 0.006989 0.006335 0.003521 0.001656 0.001708 0.002087 0.002047 0.001753 0.001563 0.001414 0.001368 0.001312 0.001247 0.001166 0.001043 0.000969 0.000924 0.000902 0.000902 0.000857 0.000843 0.000857 0.000919 0.001025 0.001088 0.001276 0.001540
0.006700 0.009250 0.013111 0.017822 0.023648 0.035148 0.042301 0.047834 0.040532 0.011970 0.001210 0.001220 0.001730 0.001575 0.001659 0.001457 0.001167 0.001041 0.000935 0.000939 0.000964 0.001025 0.001039 0.001067 0.001159 0.001328 0.001466 0.001756 0.002070 0.002400 0.002882 0.003770 0.005365 0.006351 0.007598 0.007737 0.006124 0.002197 0.000973 0.001020 0.001344 0.001633 0.001718 0.001557 0.001512 0.001482 0.001508 0.001633 0.001636 0.001765 0.001524 0.001088 0.000996 0.000981 0.000920 0.000878 0.000849 0.000894 0.000983 0.001189 0.001383 0.001575 0.001877
0.007870 0.010999 0.015659 0.022365 0.032085 0.041307 0.043104 0.047280 0.021491 0.004477 0.001194 0.001429 0.001645 0.002391 0.001325 0.001304 0.001472 0.001300 0.001109 0.001046 0.001073 0.001105 0.001128 0.001198 0.001323 0.001460 0.001810 0.001876 0.002493 0.003049 0.004010 0.005706 0.007690 0.008380 0.006891 0.004103 0.000647 0.000817 0.000923 0.001159 0.001257 0.001516 0.001714 0.001736 0.001735 0.001701 0.001685 0.001618 0.001628 0.001418 0.001082 0.001073 0.001015 0.000952 0.000914 0.000925 0.000941 0.000966 0.001060 0.001205 0.001393 0.001720 0.002415
0.009979 0.013892 0.018969 0.024115 0.031607 0.049972 0.059365 0.032318 0.010533 0.000508 0.000515 0.000595 0.000683 0.000967 0.001595 0.001519 0.001509 0.001446 0.001353 0.001183 0.001154 0.001209 0.001283 0.001389 0.001480 0.001689 0.002037 0.002353 0.003254 0.004138 0.005792 0.007899 0.008577 0.007697 0.003668 0.000796 0.000980 0.001062 0.001187 0.001321 0.001585 0.001910 0.002081 0.002235 0.002137 0.001977 0.001657 0.001341 0.000955 0.000690 0.000861 0.001096 0.001073 0.001051 0.000984 0.000978 0.000958 0.001019 0.001099 0.001208 0.001317 0.001547 0.002089
0.012962 0.016852 0.022446 0.027645 0.041685 0.058195 0.047361 0.018783 0.002635 0.000440 0.000557 0.000659 0.001005 0.001558 0.001782 0.001496 0.001682 0.001688 0.001461 0.001354 0.001258 0.001262 0.001373 0.001524 0.001722 0.002009 0.002362 0.002797 0.003418 0.005614 0.007034 0.007779 0.005768 0.002067 0.000889 0.001072 0.001149 0.001436 0.001571 0.001930 0.002385 0.002855 0.003638 0.003329 0.002674 0.002098 0.001554 0.001125 0.000925 0.000832 0.000893 0.001071 0.001143 0.001034 0.000988 0.000923 0.000970 0.001048 0.001138 0.001171 0.001146 0.001158 0.003409
0.018371 0.022905 0.032039 0.043326 0.063849 0.075483 0.036700 0.009925 0.001048 0.000434 0.000435 0.000621 0.001057 0.001601 0.001893 0.001945 0.001761 0.001956 0.001755 0.001541 0.001419 0.001412 0.001517 0.001616 0.001813 0.002170 0.002496 0.003017 0.004323 0.006708 0.008104 0.006458 0.003486 0.001446 0.001109 0.001460 0.001892 0.002292 0.002885 0.003349 0.004302 0.005161 0.004782 0.003677 0.002857 0.002136 0.001556 0.001218 0.000922 0.000885 0.000921 0.000956 0.001163 0.001097 0.000983 0.000965 0.000986 0.001029 0.001079 0.001113 0.001050 0.000993 0.004773
