tests/grid_standard/gssha_project/hotstart/grid_standard_ov_hotstart_20020829_1800.ovh
north: 4628776.27
south: 4623840.14
east: -1080465.94
west: -1087825.09
rows:   493
cols:   735
[rows 112 to 139 of 493, columns 315 to 377 of 735]
0.026414 0.032353 0.042378 0.050893 0.058487 0.027711 0.000600 0.000471 0.000377 0.000433 0.000471 0.000655 0.001132 0.001904 0.002464 0.002215 0.002192 0.001920 0.001947 0.001853 0.001619 0.001545 0.001517 0.001532 0.001712 0.001933 0.001998 0.002013 0.003787 0.009759 0.007547 0.005058 0.002396 0.001332 0.001543 0.001990 0.002573 0.002876 0.003822 0.004629 0.005049 0.003418 0.001110 0.001002 0.001026 0.000979 0.000934 0.000881 0.000968 0.000922 0.000924 0.001030 0.001110 0.001159 0.000998 0.000991 0.001001 0.000984 0.001025 0.000986 0.000835 0.002611 0.005798
0.034602 0.046734 0.055036 0.056904 0.040974 0.011534 0.000703 0.000646 0.000612 0.000637 0.000676 0.000838 0.001237 0.002317 0.002231 0.002200 0.002219 0.002164 0.001878 0.001954 0.001739 0.001638 0.001509 0.001485 0.001490 0.001552 0.001469 0.001467 0.006131 0.010625 0.006582 0.003776 0.002209 0.001993 0.002283 0.002954 0.003612 0.004332 0.004851 0.004616 0.003525 0.001067 0.000887 0.000840 0.000874 0.000859 0.000811 0.000929 0.001005 0.000999 0.000942 0.000985 0.001078 0.001094 0.001073 0.001046 0.000976 0.000993 0.000981 0.000782 0.000839 0.005062 0.007913
0.043406 0.056070 0.050664 0.035141 0.012395 0.000732 0.000682 0.000655 0.000846 0.000948 0.001023 0.001190 0.001852 0.002369 0.002205 0.002041 0.001967 0.001964 0.001878 0.002179 0.001861 0.001664 0.001590 0.001541 0.001542 0.001642 0.002289 0.005082 0.009387 0.010294 0.005800 0.003771 0.002984 0.002932 0.003330 0.003721 0.004433 0.004400 0.003800 0.002531 0.000800 0.000714 0.000685 0.000730 0.000832 0.000908 0.000912 0.001002 0.001031 0.001040 0.001029 0.001017 0.001038 0.001095 0.001136 0.001032 0.001015 0.000942 0.000900 0.000641 0.000863 0.010310 0.009867
0.048219 0.049015 0.037223 0.017756 0.005036 0.000843 0.001070 0.001014 0.001179 0.001270 0.001481 0.001733 0.001940 0.002256 0.002165 0.001857 0.001715 0.001644 0.001850 0.002016 0.002311 0.001996 0.001916 0.001910 0.002271 0.003393 0.006292 0.009929 0.011218 0.010072 0.007745 0.005002 0.004680 0.004678 0.004854 0.005089 0.004957 0.003881 0.001876 0.000661 0.000569 0.000549 0.000551 0.000587 0.000583 0.000786 0.000984 0.001060 0.001075 0.001078 0.001046 0.001058 0.001104 0.001117 0.001111 0.000992 0.000926 0.000742 0.000877 0.000864 0.008206 0.015586 0.010118
0.052743 0.042473 0.024087 0.009623 0.001630 0.000809 0.000810 0.001165 0.001335 0.001428 0.001730 0.001740 0.002036 0.002228 0.002077 0.001691 0.001377 0.001165 0.001260 0.001938 0.003809 0.002660 0.002420 0.002845 0.005381 0.008772 0.014270 0.014875 0.013035 0.008284 0.006351 0.007545 0.007122 0.006203 0.004855 0.003511 0.001940 0.000737 0.000687 0.000572 0.000531 0.000487 0.000482 0.000607 0.000814 0.000861 0.000964 0.001060 0.001083 0.001055 0.001028 0.001067 0.001079 0.001082 0.001052 0.001013 0.000891 0.000744 0.000840 0.009697 0.012481 0.012585 0.006129
0.051726 0.032016 0.013893 0.003805 0.001212 0.001089 0.001212 0.001375 0.001557 0.001628 0.001773 0.001847 0.002103 0.002237 0.002172 0.001819 0.001519 0.001292 0.001354 0.002716 0.004306 0.003676 0.003670 0.004738 0.007933 0.018815 0.012690 0.008314 0.000735 0.000671 0.000739 0.000818 0.000893 0.000783 0.000746 0.000693 0.000662 0.000649 0.000599 0.000550 0.000511 0.000521 0.000646 0.000742 0.000844 0.000938 0.001046 0.001051 0.001071 0.001083 0.001056 0.001038 0.001051 0.001170 0.001186 0.001341 0.001718 0.003521 0.007495 0.013602 0.012852 0.007965 0.002850
0.046408 0.023596 0.008370 0.002518 0.001187 0.001193 0.001245 0.001462 0.001728 0.001983 0.001888 0.001994 0.002085 0.002143 0.002282 0.002389 0.001999 0.001965 0.002322 0.003302 0.004141 0.003899 0.004651 0.006482 0.025368 0.023464 0.013363 0.004056 0.000476 0.000492 0.000526 0.000544 0.000557 0.000582 0.000584 0.000571 0.000608 0.000585 0.000645 0.000670 0.000679 0.000670 0.000767 0.000798 0.000855 0.000968 0.001025 0.001116 0.001158 0.001115 0.001075 0.001133 0.001257 0.001388 0.001576 0.002269 0.003546 0.006874 0.012343 0.012621 0.008980 0.004582 0.000480
0.043155 0.015589 0.004942 0.001649 0.001264 0.001208 0.001167 0.001305 0.001626 0.001990 0.002202 0.002139 0.002421 0.002720 0.002843 0.003006 0.003467 0.003876 0.004125 0.005171 0.006588 0.007667 0.011936 0.016806 0.027802 0.016672 0.000775 0.000558 0.000472 0.000464 0.000474 0.000514 0.000519 0.000496 0.000440 0.000459 0.000465 0.000473 0.000444 0.000463 0.000538 0.000767 0.000802 0.000871 0.000924 0.001022 0.001238 0.001264 0.001278 0.001301 0.001302 0.001371 0.001550 0.001978 0.002858 0.003958 0.006614 0.010754 0.013063 0.008824 0.003386 0.000496 0.000597
0.031519 0.010299 0.003537 0.001445 0.001186 0.001223 0.001303 0.001425 0.001533 0.001811 0.002241 0.002168 0.003008 0.003699 0.003992 0.004015 0.004454 0.005113 0.006370 0.008057 0.010267 0.013711 0.015147 0.018501 0.013316 0.000378 0.000414 0.000289 0.000320 0.000370 0.000463 0.000492 0.000471 0.000433 0.000465 0.000440 0.000467 0.000424 0.000490 0.000585 0.000767 0.000824 0.000963 0.001034 0.001087 0.001292 0.001443 0.001580 0.001590 0.001670 0.001670 0.001797 0.002159 0.002918 0.004120 0.005810 0.008009 0.011732 0.010269 0.005441 0.001497 0.000614 0.000679
0.023195 0.007910 0.002357 0.001395 0.001346 0.001430 0.001488 0.001552 0.001719 0.001760 0.001944 0.001692 0.004731 0.005961 0.005521 0.005646 0.006028 0.006930 0.008438 0.009436 0.012826 0.013390 0.016110 0.013569 0.007953 0.000473 0.000315 0.000311 0.000287 0.000270 0.000272 0.000341 0.000360 0.000365 0.000412 0.000367 0.000475 0.000582 0.000651 0.000707 0.000797 0.001006 0.001034 0.001156 0.001270 0.001626 0.001960 0.002012 0.001945 0.002079 0.002368 0.002684 0.003015 0.003837 0.005091 0.007455 0.010173 0.010501 0.007391 0.002619 0.000887 0.000657 0.000707
0.015988 0.004285 0.001992 0.001532 0.001345 0.001431 0.001697 0.001836 0.001897 0.002252 0.002469 0.003685 0.006744 0.008703 0.007937 0.007236 0.007344 0.008104 0.008783 0.010241 0.010439 0.012952 0.012407 0.008766 0.003595 0.000482 0.000460 0.000425 0.000334 0.000337 0.000371 0.000410 0.000442 0.000488 0.000480 0.000603 0.000630 0.000730 0.000793 0.000913 0.000950 0.001121 0.001281 0.001421 0.001771 0.002430 0.002634 0.002540 0.002424 0.002626 0.003011 0.003542 0.004074 0.005064 0.006384 0.009133 0.010208 0.008241 0.004243 0.001636 0.000795 0.000725 0.000813
0.008945 0.002994 0.001894 0.001497 0.001557 0.001545 0.001690 0.001964 0.002549 0.003034 0.003883 0.005726 0.008315 0.008873 0.008345 0.008157 0.008797 0.009101 0.009690 0.010384 0.010190 0.009471 0.008857 0.005723 0.002052 0.000784 0.000696 0.000470 0.000448 0.000475 0.000529 0.000574 0.000627 0.000709 0.000755 0.000753 0.000863 0.000890 0.000951 0.001039 0.001191 0.001375 0.001555 0.001956 0.002383 0.002969 0.003243 0.003045 0.003167 0.003484 0.003954 0.004409 0.005227 0.006253 0.008261 0.009375 0.008705 0.006098 0.002887 0.001151 0.000773 0.000789 0.000882
0.006077 0.002713 0.001957 0.001764 0.001649 0.001755 0.001948 0.002450 0.002877 0.004021 0.005461 0.007438 0.008847 0.008049 0.007755 0.007590 0.008171 0.009025 0.009438 0.009272 0.009018 0.008429 0.006985 0.003757 0.001472 0.000954 0.000731 0.000642 0.000628 0.000655 0.000770 0.000817 0.000831 0.000846 0.000888 0.000947 0.001009 0.001116 0.001306 0.001439 0.001561 0.001695 0.002055 0.002502 0.003128 0.003765 0.003496 0.003525 0.003848 0.004339 0.004797 0.005396 0.006202 0.007740 0.009067 0.008572 0.006460 0.003908 0.001893 0.001108 0.000947 0.000940 0.000976
0.003974 0.002196 0.002207 0.002078 0.002208 0.002237 0.002521 0.003036 0.003780 0.005059 0.007254 0.008876 0.008745 0.008648 0.007930 0.008041 0.008446 0.009030 0.009196 0.008803 0.007993 0.006637 0.005021 0.002573 0.001202 0.000848 0.000847 0.000838 0.000816 0.000865 0.000898 0.000961 0.000972 0.000970 0.001005 0.001190 0.001286 0.001549 0.001596 0.001777 0.001950 0.002365 0.002744 0.003268 0.004390 0.004491 0.004176 0.004044 0.004132 0.004652 0.005213 0.005685 0.006616 0.007903 0.008302 0.006806 0.004686 0.002585 0.001407 0.001093 0.001089 0.001048 0.001098
0.003014 0.002694 0.002520 0.002579 0.002731 0.002768 0.003017 0.003562 0.004856 0.006446 0.007742 0.010492 0.009869 0.009703 0.008170 0.007823 0.008190 0.007983 0.008524 0.007984 0.007521 0.005277 0.003516 0.001784 0.001186 0.001119 0.001091 0.000979 0.000942 0.001023 0.001124 0.001167 0.001276 0.001238 0.001356 0.001353 0.001581 0.001744 0.001785 0.002088 0.002549 0.003003 0.003584 0.004081 0.005202 0.005363 0.004790 0.004288 0.004581 0.005083 0.005274 0.006135 0.006669 0.007405 0.007319 0.005482 0.003351 0.001958 0.001224 0.001109 0.001194 0.001222 0.001259
0.003170 0.003067 0.002968 0.003017 0.003404 0.003914 0.004281 0.005076 0.006169 0.008164 0.010126 0.011623 0.011396 0.009244 0.008220 0.007776 0.007762 0.007848 0.007461 0.007354 0.006744 0.004745 0.002798 0.001539 0.001336 0.001490 0.001266 0.001134 0.001111 0.001123 0.001197 0.001227 0.001154 0.001340 0.001438 0.001679 0.001931 0.002228 0.002496 0.002824 0.003435 0.003962 0.004860 0.005221 0.005656 0.005998 0.005525 0.004849 0.005048 0.005228 0.005683 0.006237 0.007483 0.008055 0.006922 0.004402 0.002513 0.001549 0.001130 0.001144 0.001248 0.001350 0.001454
0.003278 0.003382 0.003502 0.003820 0.004197 0.004681 0.005717 0.006757 0.008489 0.010113 0.011640 0.011613 0.010712 0.009602 0.007806 0.007083 0.007655 0.007473 0.007313 0.006963 0.006556 0.004558 0.002337 0.001432 0.001417 0.001459 0.001458 0.001303 0.001261 0.001292 0.001343 0.001402 0.001578 0.001706 0.001835 0.001896 0.002228 0.002527 0.003041 0.003559 0.004014 0.004680 0.005250 0.005605 0.006270 0.005530 0.005279 0.005367 0.005256 0.006002 0.006250 0.007007 0.008630 0.008123 0.006297 0.003597 0.002128 0.001399 0.001204 0.001189 0.001261 0.001383 0.001543
0.003463 0.004048 0.004492 0.004544 0.005012 0.006083 0.007272 0.008957 0.010501 0.011234 0.011137 0.009976 0.008970 0.007228 0.006803 0.007465 0.008077 0.007857 0.007288 0.006802 0.005648 0.003653 0.001974 0.001509 0.001474 0.001716 0.001725 0.001537 0.001383 0.001430 0.001501 0.001570 0.001707 0.001880 0.002078 0.002526 0.002912 0.003316 0.003923 0.004279 0.005132 0.005594 0.005477 0.005915 0.005908 0.005695 0.005569 0.005660 0.005685 0.005945 0.006633 0.008417 0.009668 0.007832 0.005128 0.002842 0.001717 0.001311 0.001260 0.001312 0.001386 0.001482 0.001610
0.003691 0.004816 0.005315 0.005999 0.007125 0.008141 0.009542 0.011941 0.012952 0.012475 0.011202 0.009334 0.007850 0.006688 0.006358 0.006873 0.006586 0.006229 0.009375 0.007704 0.005429 0.003072 0.002059 0.001800 0.001955 0.002076 0.001939 0.001778 0.001591 0.001563 0.001648 0.001744 0.001888 0.002128 0.002568 0.002978 0.003481 0.003832 0.004142 0.004973 0.005079 0.005667 0.005836 0.006119 0.005776 0.005827 0.005830 0.005507 0.005939 0.006406 0.007634 0.008734 0.008538 0.006559 0.004103 0.002487 0.001661 0.001492 0.001495 0.001570 0.001667 0.001729 0.001830
0.004281 0.004843 0.005864 0.007566 0.008413 0.010044 0.011201 0.012627 0.012999 0.011171 0.009295 0.008009 0.006496 0.006541 0.005871 0.005677 0.005590 0.004678 0.011539 0.008469 0.005185 0.002832 0.001949 0.001741 0.001745 0.001951 0.002409 0.002033 0.001813 0.001767 0.001976 0.002099 0.002293 0.002597 0.002959 0.003276 0.003783 0.004181 0.004800 0.005179 0.006022 0.005942 0.005523 0.005782 0.005524 0.005711 0.005674 0.005784 0.006193 0.007376 0.008182 0.009215 0.008820 0.005876 0.003472 0.002247 0.001807 0.001555 0.001579 0.001792 0.001953 0.002030 0.001970
0.004851 0.005884 0.007168 0.008724 0.010043 0.011754 0.012187 0.012135 0.011041 0.009470 0.008108 0.007012 0.006653 0.006144 0.005945 0.005612 0.005180 0.005579 0.013770 0.008760 0.005050 0.002975 0.002024 0.001760 0.001790 0.002264 0.002764 0.002610 0.002300 0.002128 0.002268 0.002578 0.002740 0.002905 0.003232 0.003726 0.004308 0.004761 0.004850 0.005513 0.005872 0.005709 0.006197 0.005973 0.005551 0.005727 0.006282 0.006965 0.007870 0.008400 0.009593 0.011072 0.008100 0.005039 0.002785 0.002473 0.001999 0.001904 0.001910 0.001996 0.002168 0.002278 0.002343
0.005699 0.006583 0.007857 0.009169 0.011367 0.012073 0.011422 0.010690 0.009579 0.007740 0.006501 0.006338 0.006087 0.006017 0.005922 0.005618 0.005973 0.007931 0.011771 0.007338 0.004306 0.003057 0.002369 0.002190 0.002300 0.002486 0.002960 0.003294 0.002694 0.002511 0.002587 0.002888 0.003078 0.003283 0.003628 0.003996 0.004405 0.004953 0.005405 0.005717 0.005384 0.005658 0.006005 0.005611 0.006040 0.006361 0.006802 0.007588 0.008809 0.008837 0.009498 0.008883 0.005830 0.003901 0.002776 0.002446 0.002409 0.002453 0.002231 0.002245 0.002390 0.002563 0.002674
0.006577 0.007201 0.008344 0.010522 0.012276 0.012791 0.011356 0.009380 0.007680 0.006376 0.005934 0.006044 0.005776 0.005707 0.005769 0.006534 0.007708 0.009628 0.010383 0.006224 0.003755 0.003127 0.002926 0.002745 0.002668 0.003186 0.003404 0.003617 0.003338 0.003046 0.003060 0.003281 0.003415 0.003641 0.004172 0.004594 0.004588 0.005030 0.005387 0.005376 0.005611 0.005628 0.005959 0.006386 0.006582 0.006767 0.007820 0.008060 0.007780 0.007937 0.008697 0.007210 0.004822 0.003354 0.002878 0.002720 0.002885 0.002712 0.002694 0.002668 0.002658 0.002776 0.002884
0.007808 0.009031 0.010251 0.012286 0.013402 0.012443 0.010096 0.008439 0.006802 0.005684 0.005349 0.005047 0.005048 0.005426 0.005209 0.005401 0.007188 0.013070 0.011524 0.005605 0.003873 0.003860 0.003837 0.003599 0.003393 0.003766 0.004929 0.004992 0.004532 0.003903 0.003578 0.003570 0.003984 0.004480 0.004535 0.004840 0.004866 0.005312 0.005591 0.005788 0.005542 0.005547 0.006457 0.006427 0.006345 0.007282 0.007684 0.007748 0.007745 0.007531 0.007704 0.006550 0.004488 0.003329 0.002966 0.002990 0.002891 0.003112 0.003381 0.003227 0.003014 0.003087 0.003244
0.008839 0.010021 0.011585 0.012808 0.012342 0.010991 0.009029 0.007104 0.006387 0.005462 0.004841 0.004867 0.004817 0.004355 0.003441 0.004866 0.007267 0.019241 0.011230 0.005813 0.004090 0.003639 0.003281 0.002795 0.002743 0.003098 0.004125 0.005397 0.005080 0.004384 0.004161 0.004047 0.004270 0.004551 0.004769 0.004856 0.005158 0.005392 0.005946 0.006028 0.005504 0.005605 0.005884 0.006129 0.007114 0.007575 0.007871 0.007886 0.007416 0.007266 0.007200 0.005232 0.004164 0.003236 0.003253 0.003008 0.003040 0.003441 0.003474 0.003499 0.003410 0.003452 0.003539
0.009506 0.011033 0.012021 0.011968 0.011177 0.009300 0.007084 0.006459 0.005920 0.005068 0.004967 0.004852 0.004447 0.003834 0.003000 0.005000 0.016202 0.018176 0.011584 0.005831 0.004110 0.003841 0.003826 0.003297 0.003324 0.003677 0.004346 0.004753 0.004722 0.004979 0.004882 0.004355 0.004176 0.004545 0.005475 0.005781 0.006026 0.005932 0.006140 0.005715 0.005777 0.005907 0.006099 0.006270 0.007014 0.007069 0.007165 0.007560 0.006846 0.006716 0.006148 0.004955 0.004014 0.003600 0.003207 0.003222 0.003608 0.003603 0.003756 0.003854 0.003918 0.003884 0.004110
0.010239 0.011487 0.012958 0.011149 0.009057 0.007374 0.006284 0.005576 0.005142 0.005030 0.005400 0.004914 0.004275 0.004088 0.005018 0.010582 0.017332 0.014502 0.008660 0.005930 0.004307 0.003698 0.003575 0.003284 0.002795 0.002763 0.004000 0.005311 0.005584 0.005654 0.004936 0.004546 0.004531 0.005011 0.005620 0.006030 0.006302 0.006459 0.006384 0.005761 0.005968 0.006030 0.006059 0.006013 0.006008 0.006532 0.007766 0.007247 0.007343 0.006865 0.006025 0.004647 0.003932 0.003623 0.003534 0.003724 0.003557 0.003671 0.003845 0.004138 0.004324 0.004391 0.004592
0.010675 0.012034 0.011885 0.009905 0.008024 0.006289 0.005499 0.004853 0.004825 0.004862 0.004715 0.004804 0.005000 0.005344 0.008444 0.013798 0.015456 0.010841 0.007293 0.004958 0.004177 0.003715 0.003434 0.003331 0.002936 0.003196 0.004439 0.006130 0.006133 0.005568 0.005506 0.005468 0.005089 0.005219 0.005660 0.006394 0.006917 0.006942 0.006318 0.006184 0.006008 0.006021 0.006160 0.006462 0.006450 0.007231 0.007099 0.006843 0.006560 0.006069 0.005385 0.004708 0.004056 0.003986 0.004185 0.003866 0.003810 0.003944 0.004295 0.004570 0.004646 0.004724 0.005149
