tests/grid_standard/gssha_project/hotstart/grid_standard_ov_hotstart_20020829_1800.ovh
north: 4628776.27
south: 4623840.14
east: -1080465.94
west: -1087825.09
rows:   493
cols:   735
[rows 56 to 83 of 493, columns 504 to 566 of 735]
0.001271 0.001204 0.001109 0.001018 0.000973 0.000958 0.000926 0.000869 0.000855 0.000791 0.000716 0.000579 0.000448 0.000372 0.000302 0.000244 0.000207 0.000173 0.000152 0.000134 0.000122 0.000100 0.000079 0.000064 0.000048 0.000038 0.000000 0.000000 0.000000 0.000000 0.000000 0.000000 0.000000 0.000000 0.000000 0.000000 0.000000 0.000000 0.000000 0.000000 0.000000 0.000000 0.000000 0.000000 0.000000 0.000000 0.000000 0.000000 0.000000 0.000000 0.000000 0.000000 0.000000 0.000000 0.000000 0.000000 0.000000 0.000000 0.000000 0.000000 0.000000 0.000000 0.000000
0.001318 0.001259 0.001157 0.001089 0.001012 0.001000 0.000982 0.000947 0.000841 0.000776 0.000674 0.000525 0.000429 0.000367 0.000312 0.000278 0.000232 0.000197 0.000172 0.000156 0.000136 0.000119 0.000098 0.000079 0.000064 0.000052 0.000031 0.000000 0.000000 0.000000 0.000000 0.000000 0.000000 0.000000 0.000000 0.000000 0.000000 0.000000 0.000000 0.000000 0.000000 0.000000 0.000000 0.000000 0.000000 0.000000 0.000000 0.000000 0.000000 0.000000 0.000000 0.000000 0.000000 0.000000 0.000000 0.000000 0.000000 0.000000 0.000000 0.000000 0.000000 0.000000 0.000000
0.001324 0.001323 0.001171 0.001155 0.001117 0.001064 0.001062 0.000911 0.000810 0.000763 0.000609 0.000504 0.000421 0.000359 0.000308 0.000281 0.000257 0.000227 0.000198 0.000174 0.000155 0.000132 0.000117 0.000100 0.000088 0.000074 0.000051 0.000032 0.000000 0.000000 0.000000 0.000000 0.000000 0.000000 0.000000 0.000000 0.000000 0.000000 0.000000 0.000000 0.000000 0.000000 0.000000 0.000000 0.000000 0.000000 0.000000 0.000000 0.000000 0.000000 0.000000 0.000000 0.000000 0.000000 0.000000 0.000000 0.000000 0.000000 0.000000 0.000000 0.000000 0.000000 0.000000
0.001365 0.001299 0.001234 0.001205 0.001185 0.001247 0.001076 0.000966 0.000843 0.000690 0.000590 0.000481 0.000433 0.000359 0.000318 0.000281 0.000268 0.000250 0.000227 0.000203 0.000176 0.000157 0.000132 0.000123 0.000104 0.000088 0.000065 0.000046 0.000028 0.000000 0.000000 0.000000 0.000000 0.000000 0.000000 0.000000 0.000000 0.000000 0.000000 0.000000 0.000000 0.000000 0.000000 0.000000 0.000000 0.000000 0.000000 0.000000 0.000000 0.000000 0.000000 0.000000 0.000000 0.000000 0.000000 0.000000 0.000000 0.000000 0.000000 0.000000 0.000000 0.000000 0.000000
0.001365 0.001297 0.001271 0.001273 0.001268 0.001274 0.001151 0.000985 0.000841 0.000689 0.000557 0.000476 0.000418 0.000375 0.000344 0.000312 0.000289 0.000268 0.000245 0.000232 0.000209 0.000178 0.000158 0.000140 0.000119 0.000105 0.000082 0.000062 0.000040 0.000022 0.000000 0.000000 0.000000 0.000000 0.000000 0.000000 0.000000 0.000000 0.000000 0.000000 0.000000 0.000000 0.000000 0.000000 0.000000 0.000000 0.000000 0.000000 0.000000 0.000000 0.000000 0.000000 0.000000 0.000000 0.000000 0.000000 0.000000 0.000000 0.000000 0.000000 0.000000 0.000000 0.000000
0.001410 0.001374 0.001331 0.001259 0.001288 0.001218 0.001128 0.001033 0.000889 0.000717 0.000577 0.000462 0.000420 0.000394 0.000365 0.000339 0.000313 0.000286 0.000274 0.000250 0.000225 0.000201 0.000177 0.000148 0.000137 0.000118 0.000100 0.000078 0.000061 0.000046 0.000032 0.000028 0.000000 0.000000 0.000000 0.000000 0.000000 0.000000 0.000000 0.000000 0.000000 0.000000 0.000000 0.000000 0.000000 0.000000 0.000000 0.000000 0.000000 0.000000 0.000000 0.000000 0.000000 0.000000 0.000000 0.000000 0.000000 0.000000 0.000000 0.000000 0.000000 0.000000 0.000000
0.001498 0.001427 0.001409 0.001417 0.001314 0.001266 0.001133 0.000995 0.000888 0.000729 0.000578 0.000479 0.000435 0.000398 0.000387 0.000367 0.000347 0.000316 0.000292 0.000268 0.000249 0.000233 0.000206 0.000184 0.000157 0.000135 0.000111 0.000094 0.000080 0.000067 0.000055 0.000041 0.000024 0.000000 0.000000 0.000000 0.000000 0.000000 0.000000 0.000000 0.000000 0.000000 0.000000 0.000000 0.000000 0.000000 0.000000 0.000000 0.000000 0.000000 0.000000 0.000000 0.000000 0.000000 0.000000 0.000000 0.000000 0.000000 0.000000 0.000000 0.000000 0.000000 0.000000
0.001576 0.001447 0.001515 0.001402 0.001304 0.001240 0.001073 0.000973 0.000842 0.000707 0.000602 0.000515 0.000471 0.000428 0.000390 0.000395 0.000369 0.000356 0.000340 0.000319 0.000297 0.000272 0.000241 0.000216 0.000183 0.000160 0.000131 0.000112 0.000097 0.000086 0.000075 0.000063 0.000044 0.000032 0.000025 0.000000 0.000000 0.000000 0.000000 0.000000 0.000000 0.000000 0.000000 0.000000 0.000000 0.000000 0.000000 0.000000 0.000000 0.000000 0.000000 0.000000 0.000000 0.000000 0.000000 0.000000 0.000000 0.000000 0.000000 0.000000 0.000000 0.000000 0.000000
0.001550 0.001529 0.001501 0.001457 0.001322 0.001190 0.001058 0.000926 0.000841 0.000696 0.000627 0.000562 0.000515 0.000459 0.000437 0.000419 0.000397 0.000385 0.000386 0.000380 0.000356 0.000333 0.000293 0.000265 0.000216 0.000181 0.000156 0.000135 0.000120 0.000106 0.000094 0.000077 0.000068 0.000056 0.000039 0.000023 0.000000 0.000000 0.000000 0.000000 0.000000 0.000000 0.000000 0.000000 0.000000 0.000000 0.000000 0.000000 0.000000 0.000000 0.000000 0.000000 0.000000 0.000000 0.000000 0.000000 0.000000 0.000000 0.000000 0.000000 0.000000 0.000000 0.000000
0.001631 0.001569 0.001506 0.001456 0.001343 0.001239 0.001078 0.000933 0.000785 0.000712 0.000618 0.000621 0.000544 0.000528 0.000481 0.000462 0.000449 0.000434 0.000431 0.000436 0.000420 0.000380 0.000341 0.000287 0.000238 0.000215 0.000193 0.000165 0.000141 0.000124 0.000110 0.000093 0.000087 0.000077 0.000063 0.000049 0.000039 0.000027 0.000000 0.000000 0.000000 0.000000 0.000000 0.000000 0.000000 0.000000 0.000000 0.000000 0.000000 0.000000 0.000000 0.000000 0.000000 0.000000 0.000000 0.000000 0.000000 0.000000 0.000000 0.000000 0.000000 0.000000 0.000000
0.001733 0.001563 0.001502 0.001412 0.001366 0.001188 0.001078 0.000932 0.000779 0.000695 0.000631 0.000610 0.000588 0.000541 0.000542 0.000514 0.000486 0.000489 0.000499 0.000469 0.000469 0.000425 0.000355 0.000304 0.000266 0.000239 0.000219 0.000191 0.000175 0.000148 0.000137 0.000122 0.000106 0.000094 0.000084 0.000074 0.000060 0.000045 0.000023 0.000000 0.000000 0.000000 0.000000 0.000000 0.000000 0.000000 0.000000 0.000000 0.000000 0.000000 0.000000 0.000000 0.000000 0.000000 0.000000 0.000000 0.000000 0.000000 0.000000 0.000000 0.000000 0.000000 0.000000
0.001958 0.001573 0.001517 0.001425 0.001387 0.001214 0.001137 0.000966 0.000878 0.000735 0.000660 0.000646 0.000590 0.000580 0.000558 0.000542 0.000558 0.000525 0.000517 0.000497 0.000488 0.000432 0.000373 0.000326 0.000275 0.000248 0.000236 0.000221 0.000195 0.000175 0.000168 0.000148 0.000135 0.000122 0.000111 0.000095 0.000074 0.000056 0.000039 0.000023 0.000000 0.000000 0.000000 0.000000 0.000000 0.000000 0.000000 0.000000 0.000000 0.000000 0.000000 0.000000 0.000000 0.000000 0.000000 0.000000 0.000000 0.000000 0.000000 0.000000 0.000000 0.000000 0.000000
0.001954 0.001581 0.001448 0.001369 0.001306 0.001219 0.001065 0.000973 0.000882 0.000782 0.000719 0.000662 0.000632 0.000624 0.000607 0.000591 0.000579 0.000580 0.000582 0.000554 0.000489 0.000441 0.000383 0.000334 0.000311 0.000283 0.000252 0.000244 0.000220 0.000209 0.000196 0.000191 0.000172 0.000157 0.000139 0.000114 0.000089 0.000073 0.000058 0.000041 0.000022 0.000000 0.000000 0.000000 0.000000 0.000000 0.000000 0.000000 0.000000 0.000000 0.000000 0.000000 0.000000 0.000000 0.000000 0.000000 0.000000 0.000000 0.000000 0.000000 0.000000 0.000000 0.000000
0.001859 0.001550 0.001424 0.001274 0.001279 0.001209 0.001098 0.000965 0.000879 0.000827 0.000805 0.000719 0.000679 0.000665 0.000651 0.000649 0.000639 0.000652 0.000629 0.000597 0.000536 0.000453 0.000380 0.000341 0.000328 0.000307 0.000309 0.000275 0.000252 0.000230 0.000225 0.000218 0.000198 0.000184 0.000161 0.000127 0.000101 0.000085 0.000071 0.000056 0.000042 0.000026 0.000000 0.000000 0.000000 0.000000 0.000000 0.000000 0.000000 0.000000 0.000000 0.000000 0.000000 0.000000 0.000000 0.000000 0.000000 0.000000 0.000000 0.000000 0.000000 0.000000 0.000000
0.002040 0.001789 0.001486 0.001291 0.001181 0.001125 0.001053 0.000989 0.000938 0.000875 0.000854 0.000792 0.000774 0.000751 0.000697 0.000686 0.000671 0.000674 0.000665 0.000627 0.000537 0.000447 0.000406 0.000364 0.000342 0.000350 0.000336 0.000325 0.000292 0.000266 0.000261 0.000252 0.000221 0.000196 0.000165 0.000135 0.000118 0.000097 0.000081 0.000066 0.000048 0.000028 0.000000 0.000000 0.000000 0.000000 0.000000 0.000000 0.000000 0.000000 0.000000 0.000000 0.000000 0.000000 0.000000 0.000000 0.000000 0.000000 0.000000 0.000000 0.000000 0.000000 0.000000
0.001957 0.001710 0.001542 0.001434 0.001291 0.001147 0.001059 0.000975 0.000922 0.000946 0.000892 0.000869 0.000825 0.000800 0.000768 0.000750 0.000725 0.000730 0.000672 0.000620 0.000563 0.000461 0.000411 0.000375 0.000371 0.000368 0.000379 0.000362 0.000341 0.000336 0.000337 0.000285 0.000247 0.000207 0.000173 0.000153 0.000138 0.000121 0.000098 0.000077 0.000057 0.000040 0.000018 0.000000 0.000000 0.000000 0.000000 0.000000 0.000000 0.000000 0.000000 0.000000 0.000000 0.000000 0.000000 0.000000 0.000000 0.000000 0.000000 0.000000 0.000000 0.000000 0.000000
0.001999 0.001768 0.001664 0.001559 0.001428 0.001238 0.001098 0.001051 0.000974 0.000928 0.000911 0.000937 0.000890 0.000860 0.000835 0.000816 0.000796 0.000741 0.000692 0.000648 0.000563 0.000502 0.000434 0.000400 0.000383 0.000395 0.000390 0.000389 0.000379 0.000395 0.000371 0.000333 0.000285 0.000233 0.000191 0.000173 0.000158 0.000148 0.000127 0.000098 0.000074 0.000051 0.000034 0.000020 0.000000 0.000000 0.000000 0.000000 0.000000 0.000000 0.000000 0.000000 0.000000 0.000000 0.000000 0.000000 0.000000 0.000000 0.000000 0.000000 0.000000 0.000000 0.000000
0.002091 0.001885 0.001649 0.001628 0.001419 0.001389 0.001311 0.001153 0.001051 0.000943 0.000943 0.000914 0.000908 0.000918 0.000905 0.000860 0.000798 0.000765 0.000723 0.000630 0.000594 0.000554 0.000514 0.000458 0.000435 0.000417 0.000429 0.000415 0.000435 0.000433 0.000419 0.000384 0.000317 0.000260 0.000228 0.000211 0.000194 0.000178 0.000159 0.000133 0.000087 0.000059 0.000044 0.000032 0.000019 0.000000 0.000000 0.000000 0.000000 0.000000 0.000000 0.000000 0.000000 0.000000 0.000000 0.000000 0.000000 0.000000 0.000000 0.000000 0.000000 0.000000 0.000000
0.002020 0.001850 0.001749 0.001572 0.001422 0.001432 0.001351 0.001239 0.001138 0.001082 0.000994 0.000935 0.000940 0.000968 0.000967 0.000896 0.000814 0.000814 0.000756 0.000713 0.000639 0.000616 0.000578 0.000555 0.000539 0.000507 0.000505 0.000489 0.000475 0.000494 0.000484 0.000442 0.000376 0.000326 0.000289 0.000251 0.000223 0.000196 0.000172 0.000135 0.000098 0.000068 0.000053 0.000040 0.000026 0.000013 0.000036 0.000000 0.000000 0.000000 0.000000 0.000000 0.000000 0.000000 0.000000 0.000000 0.000000 0.000000 0.000000 0.000000 0.000000 0.000000 0.000000
0.001915 0.001748 0.001768 0.001578 0.001460 0.001451 0.001372 0.001330 0.001252 0.001220 0.001125 0.001015 0.000970 0.001003 0.000910 0.000891 0.000875 0.000810 0.000774 0.000700 0.000683 0.000649 0.000647 0.000619 0.000662 0.000645 0.000596 0.000583 0.000548 0.000547 0.000503 0.000437 0.000399 0.000357 0.000301 0.000263 0.000223 0.000195 0.000162 0.000141 0.000116 0.000084 0.000063 0.000053 0.000045 0.000039 0.000046 0.000024 0.000041 0.000000 0.000000 0.000000 0.000000 0.000000 0.000000 0.000000 0.000000 0.000000 0.000000 0.000000 0.000000 0.000000 0.000000
0.001817 0.001657 0.001585 0.001615 0.001605 0.001469 0.001404 0.001384 0.001290 0.001192 0.001211 0.001149 0.001081 0.000979 0.000934 0.000933 0.000873 0.000851 0.000819 0.000756 0.000727 0.000720 0.000699 0.000687 0.000727 0.000736 0.000723 0.000684 0.000665 0.000595 0.000509 0.000443 0.000398 0.000357 0.000290 0.000240 0.000216 0.000184 0.000156 0.000135 0.000118 0.000104 0.000086 0.000075 0.000071 0.000069 0.000073 0.000059 0.000068 0.000035 0.000024 0.000000 0.000000 0.000000 0.000000 0.000000 0.000000 0.000000 0.000000 0.000000 0.000000 0.000000 0.000000
0.001655 0.001576 0.001544 0.001469 0.001500 0.001557 0.001471 0.001340 0.001322 0.001300 0.001252 0.001244 0.001145 0.001063 0.001017 0.000914 0.000901 0.000879 0.000818 0.000769 0.000745 0.000754 0.000767 0.000814 0.000814 0.000821 0.000796 0.000772 0.000754 0.000654 0.000530 0.000462 0.000392 0.000334 0.000280 0.000242 0.000209 0.000185 0.000165 0.000145 0.000132 0.000120 0.000116 0.000110 0.000105 0.000108 0.000101 0.000091 0.000083 0.000061 0.000050 0.000036 0.000034 0.000030 0.000024 0.000016 0.000000 0.000000 0.000000 0.000000 0.000000 0.000000 0.000000
0.001573 0.001528 0.001433 0.001337 0.001539 0.001471 0.001383 0.001409 0.001418 0.001311 0.001283 0.001219 0.001179 0.001110 0.001034 0.000999 0.000939 0.000866 0.000858 0.000827 0.000800 0.000804 0.000826 0.000810 0.000894 0.000915 0.000906 0.000957 0.000822 0.000685 0.000577 0.000484 0.000404 0.000335 0.000288 0.000260 0.000231 0.000210 0.000187 0.000168 0.000155 0.000144 0.000137 0.000137 0.000136 0.000137 0.000126 0.000116 0.000105 0.000085 0.000076 0.000065 0.000053 0.000049 0.000042 0.000034 0.000027 0.000028 0.000028 0.000030 0.000000 0.000000 0.000000
0.001571 0.001552 0.001459 0.001403 0.001447 0.001530 0.001489 0.001378 0.001328 0.001303 0.001246 0.001228 0.001233 0.001168 0.001122 0.001034 0.000972 0.000902 0.000868 0.000862 0.000891 0.000886 0.000871 0.000927 0.000979 0.000991 0.001005 0.000987 0.000826 0.000699 0.000593 0.000490 0.000409 0.000356 0.000313 0.000286 0.000263 0.000238 0.000216 0.000201 0.000197 0.000182 0.000173 0.000165 0.000158 0.000158 0.000146 0.000142 0.000128 0.000119 0.000105 0.000090 0.000073 0.000059 0.000058 0.000055 0.000050 0.000050 0.000047 0.000039 0.000020 0.000000 0.000000
0.001500 0.001443 0.001486 0.001488 0.001521 0.001665 0.001511 0.001596 0.001437 0.001272 0.001184 0.001206 0.001203 0.001218 0.001135 0.001123 0.001026 0.000970 0.000975 0.000928 0.000992 0.001002 0.000992 0.001017 0.001029 0.001079 0.001031 0.000980 0.000870 0.000772 0.000622 0.000503 0.000419 0.000362 0.000353 0.000333 0.000330 0.000290 0.000264 0.000261 0.000230 0.000220 0.000217 0.000205 0.000197 0.000186 0.000176 0.000173 0.000163 0.000149 0.000134 0.000118 0.000092 0.000079 0.000072 0.000077 0.000081 0.000079 0.000065 0.000050 0.000030 0.000014 0.000000
0.001403 0.001417 0.001348 0.001677 0.001674 0.001795 0.001762 0.001951 0.001591 0.001416 0.001262 0.001199 0.001204 0.001183 0.001110 0.001111 0.001082 0.001038 0.001018 0.001070 0.001046 0.001068 0.001123 0.001129 0.001125 0.001022 0.001009 0.000918 0.000914 0.000756 0.000629 0.000517 0.000422 0.000392 0.000366 0.000349 0.000341 0.000340 0.000344 0.000324 0.000316 0.000279 0.000265 0.000248 0.000237 0.000230 0.000219 0.000211 0.000197 0.000179 0.000166 0.000146 0.000128 0.000112 0.000101 0.000110 0.000110 0.000107 0.000089 0.000067 0.000043 0.000026 0.000013
0.001354 0.001293 0.001330 0.001351 0.002122 0.002103 0.002128 0.001874 0.001749 0.001560 0.001416 0.001346 0.001237 0.001162 0.001166 0.001163 0.001155 0.001095 0.001142 0.001156 0.001170 0.001136 0.001163 0.001139 0.001092 0.001081 0.001007 0.000965 0.000871 0.000771 0.000689 0.000563 0.000456 0.000390 0.000363 0.000362 0.000367 0.000376 0.000399 0.000376 0.000366 0.000373 0.000360 0.000333 0.000309 0.000296 0.000280 0.000260 0.000235 0.000216 0.000196 0.000170 0.000160 0.000149 0.000140 0.000146 0.000150 0.000135 0.000121 0.000087 0.000058 0.000042 0.000032
0.001314 0.001300 0.001289 0.001575 0.002508 0.002154 0.002311 0.001983 0.001687 0.001524 0.001511 0.001497 0.001423 0.001249 0.001239 0.001264 0.001217 0.001197 0.001274 0.001296 0.001264 0.001277 0.001269 0.001185 0.001118 0.001075 0.000990 0.000976 0.000845 0.000794 0.000666 0.000594 0.000492 0.000410 0.000371 0.000353 0.000350 0.000363 0.000387 0.000452 0.000432 0.000449 0.000431 0.000425 0.000388 0.000362 0.000334 0.000296 0.000272 0.000257 0.000216 0.000194 0.000184 0.000177 0.000172 0.000172 0.000166 0.000159 0.000141 0.000115 0.000083 0.000064 0.000053
