tests/grid_standard/phillipines/compare_data/grid_standard_ele.ele
north: 1731612.448797993
south: 1692207.162715208
east: 332530.754773169
west: 298233.561330745
rows: 54
cols: 47
66 65 71 73 75 78 83 91 99 101 113 117 128 143 193 237 258 318 286 320 274 302 374 470 640 947 1274 1469 1489 1298 1116 1309 1175 1033 760 886 1154 1355 1130 830 651 532 400 474 552 476 256
64 65 68 69 73 77 81 85 95 105 105 117 122 156 207 288 327 463 479 364 298 291 372 578 905 1124 1278 1322 1400 1289 1227 1498 1439 1233 945 877 1120 1312 1066 845 684 618 484 686 884 582 256
63 63 66 67 72 75 77 81 90 97 100 108 116 192 307 344 399 582 569 484 417 399 381 684 947 1169 1197 1484 1597 1409 1393 1396 1351 1380 1266 1064 1327 1215 985 822 690 572 596 816 909 538 295
61 61 64 70 71 72 78 78 78 87 96 97 105 205 358 463 521 588 607 647 583 522 396 536 801 1087 1233 1472 1480 1190 1161 1113 1224 1346 1452 1258 1334 1223 1041 982 841 714 853 952 670 454 397
61 61 63 66 68 71 76 76 75 81 88 88 91 120 220 344 403 487 683 719 809 695 481 448 870 1010 950 1160 1141 955 802 904 970 1063 1352 1412 1370 1386 1308 1264 974 998 1043 790 530 332 528
59 59 60 61 66 69 70 74 74 77 83 78 86 106 162 248 366 534 661 803 901 857 608 416 600 708 723 842 782 673 866 973 1232 1080 1315 1652 1740 1663 1599 1394 1178 1162 855 610 424 587 477
64 58 58 60 63 66 68 73 69 72 74 75 76 89 219 355 460 505 497 661 863 892 825 709 470 474 550 521 548 732 980 1241 1425 1242 1295 1620 1613 1697 1516 1431 1309 995 883 728 556 884 655
65 57 58 59 59 62 64 65 65 67 69 69 70 78 147 213 282 360 545 695 859 949 1045 946 715 643 816 740 766 936 1155 1493 1695 1617 1519 1533 1293 1413 1325 1167 1137 1054 971 632 753 858 598
58 56 57 57 59 62 63 61 66 64 66 67 69 79 107 142 256 471 629 783 745 847 1013 1140 1048 853 947 1069 957 1270 1476 1596 1610 1631 1558 1609 1301 1152 1141 960 1084 1243 954 610 695 686 652
64 57 57 57 58 62 64 62 61 68 67 62 65 73 90 121 262 358 511 627 595 714 934 1081 1144 1071 1023 1315 1231 1311 1583 1463 1312 1218 1200 1416 1242 998 954 882 1235 1369 1070 782 840 731 857
78 73 58 59 59 60 61 60 61 72 70 67 64 68 76 91 157 259 371 413 452 593 805 960 1191 1313 1351 1506 1452 1404 1370 1276 1056 914 1048 1339 1092 832 798 935 1227 1243 973 994 1074 993 970
81 90 70 58 61 61 62 63 63 66 64 71 73 69 76 101 126 190 247 474 618 811 984 1077 1139 1388 1503 1593 1499 1210 1249 1306 1038 760 1035 1164 955 741 843 1100 1240 969 852 979 1214 1268 1190
88 97 84 60 63 64 61 62 61 59 62 70 75 72 75 92 119 140 210 424 602 664 764 797 1006 1239 1242 1186 1280 1107 1270 1000 941 802 702 910 791 698 989 1178 1057 799 847 1024 1221 1461 1552
118 124 110 68 65 68 59 61 62 65 76 96 92 79 75 81 103 118 139 275 413 453 603 715 888 1102 1267 994 1060 1125 1291 970 732 902 746 619 624 734 886 1026 785 665 772 859 1025 1288 1642
133 154 122 73 66 93 67 63 69 74 115 146 111 93 91 84 89 103 121 183 281 420 701 892 1005 1065 1228 998 1027 1255 1028 837 634 794 794 676 607 725 616 714 630 763 873 1035 1212 1448 1655
108 148 195 75 70 130 86 80 89 84 131 178 125 112 106 101 89 88 111 146 203 354 546 642 778 1008 1158 1052 881 1135 895 796 561 515 558 735 507 577 591 560 597 654 787 888 1040 1329 1535
107 139 190 77 75 142 112 113 112 118 131 190 144 134 128 111 102 171 106 106 141 235 397 685 830 959 956 926 823 1115 922 749 491 526 604 588 582 796 769 741 711 829 885 1107 1281 1540 1476
106 124 182 78 75 125 135 153 162 200 193 170 187 188 177 124 114 235 244 125 109 137 280 487 578 810 807 687 870 1105 925 615 499 446 797 982 886 1059 925 962 828 948 1040 1223 1467 1520 1227
100 134 193 82 79 111 128 146 169 228 236 206 224 185 171 135 164 176 298 244 116 96 145 270 449 558 675 582 614 865 704 361 464 624 989 1218 1201 1235 1091 1168 960 1091 1062 1280 1425 1423 1051
116 177 208 93 85 110 114 122 149 203 277 232 231 213 220 217 179 186 254 354 242 120 92 120 225 339 464 591 450 736 562 324 691 900 1115 1309 1410 1400 1394 1243 1069 1150 1161 1327 1567 1453 1007
141 221 179 104 91 96 108 133 157 205 275 280 251 232 278 239 218 216 278 351 312 121 96 92 104 153 251 350 349 588 417 300 633 826 948 1169 1478 1608 1507 1236 1194 1303 1307 1482 1562 1255 922
177 276 171 111 96 100 114 149 183 213 293 318 278 285 277 233 285 234 306 327 204 149 106 98 103 109 131 182 302 501 301 354 559 558 850 1135 1412 1520 1276 1288 1296 1397 1586 1621 1372 1216 899
150 221 175 146 116 136 115 155 194 230 320 403 389 391 288 315 327 259 281 195 224 259 145 101 104 116 128 147 175 306 288 447 429 420 692 1010 1183 1200 1078 1067 1329 1478 1695 1460 1150 884 818
112 149 196 176 154 211 160 170 252 318 421 487 574 513 383 376 362 253 211 189 279 294 138 96 103 113 124 132 137 149 269 490 570 432 541 744 832 844 821 1046 1144 1287 1525 1394 1137 858 612
173 153 224 196 181 266 187 221 306 388 428 532 608 600 494 350 288 227 221 283 253 267 166 110 106 114 122 128 134 135 172 314 438 520 495 553 582 616 711 892 999 1287 1520 1289 974 830 662
191 173 206 232 221 300 211 249 354 401 417 513 544 502 469 357 296 227 212 336 368 308 292 163 103 114 121 124 121 120 125 175 308 463 667 772 784 682 946 981 1138 1328 1546 1257 1002 781 606
217 201 213 239 268 321 263 271 412 378 392 446 519 539 457 418 321 252 248 390 413 412 347 200 124 113 116 122 120 116 114 135 189 400 676 851 828 775 972 1127 1445 1689 1703 1405 1112 837 769
234 235 246 256 283 335 336 311 398 369 399 421 542 530 559 437 341 276 330 478 538 522 341 215 153 125 123 118 118 117 120 130 163 296 459 668 853 964 1000 1102 1416 1690 1564 1419 1216 1064 1030
185 251 270 274 281 340 400 358 347 370 444 484 563 517 451 378 354 276 391 561 674 596 420 289 209 134 125 123 120 122 122 125 159 266 461 526 707 782 986 1355 1508 1679 1281 1087 1129 1251 1152
154 230 260 271 274 332 397 345 365 412 508 572 592 474 430 412 348 310 410 542 729 658 496 346 222 150 136 128 126 123 122 126 140 209 314 382 570 719 1056 1351 1597 1446 1261 871 813 994 1042
127 205 268 234 260 284 330 317 362 400 477 532 569 520 486 401 459 336 436 590 732 604 424 282 179 192 180 148 131 125 123 130 149 180 244 348 469 663 939 1285 1491 1093 1049 855 601 650 674
120 172 208 218 221 275 327 307 341 430 473 500 578 506 433 484 539 388 477 651 665 565 333 323 294 244 244 194 157 135 128 126 146 170 283 425 559 798 1096 1386 1448 1092 792 817 576 431 398
139 133 141 229 244 266 282 314 355 416 437 467 557 577 518 538 629 466 480 613 587 456 321 466 403 277 314 281 216 150 137 129 133 162 262 390 592 829 1156 1266 1365 1093 792 578 551 465 293
153 174 148 190 204 205 257 310 277 382 416 513 597 639 613 716 645 476 482 532 492 384 361 558 441 352 361 315 244 184 164 149 137 146 241 375 524 704 906 988 1307 1235 888 617 419 329 270
151 177 181 167 171 183 284 343 256 405 501 527 602 730 689 695 612 519 582 461 362 313 410 559 572 501 358 325 231 236 204 239 180 145 223 332 447 613 653 825 1060 1144 978 692 540 478 353
179 202 219 181 197 211 264 365 263 314 453 487 586 667 593 619 675 659 598 450 364 320 422 590 673 486 338 315 266 316 233 303 229 160 235 285 368 465 524 737 724 892 1021 902 754 605 348
167 277 285 200 195 224 253 312 257 312 402 381 475 584 559 520 577 698 571 546 487 387 412 473 601 551 396 384 359 373 264 350 258 188 257 269 269 353 406 482 505 665 839 979 924 643 407
148 247 305 239 228 213 212 271 246 276 352 412 447 504 482 509 609 696 703 617 458 377 525 558 638 618 446 432 418 410 269 308 247 253 244 245 190 253 232 319 323 440 701 772 838 668 473
152 230 258 253 247 268 258 225 249 319 433 554 528 548 506 473 518 560 714 652 548 416 461 570 742 637 487 527 415 382 362 314 220 245 310 283 159 152 153 222 188 337 478 559 500 583 333
130 170 200 246 232 267 282 257 280 311 349 446 656 583 464 442 585 616 714 686 590 527 452 577 739 677 574 494 430 486 437 274 210 308 288 350 202 66 78 90 104 224 375 299 352 409 248
104 135 191 183 210 257 270 294 309 319 310 391 543 537 380 408 571 731 765 621 503 454 478 565 775 761 643 615 571 443 308 248 226 353 297 344 230 98 32 32 50 110 150 139 299 345 184
112 131 161 186 228 244 247 264 285 277 298 301 420 383 354 441 503 565 705 773 511 447 568 709 780 724 713 712 483 292 256 336 262 379 332 300 255 120 49 20 15 6 20 149 315 153 63
121 140 167 186 228 243 232 192 261 228 303 261 336 299 453 587 524 564 624 734 495 450 528 708 717 632 572 481 377 342 337 475 281 373 344 274 292 193 80 27 1 0 0 70 142 113 0
123 153 153 183 221 217 231 169 223 237 283 245 225 256 431 545 462 447 566 696 506 532 588 671 724 741 695 495 406 437 457 528 315 303 347 319 261 260 83 8 0 0 0 0 8 40 0
98 125 119 128 148 156 174 153 153 197 178 183 230 323 267 314 356 501 619 696 571 502 648 752 867 796 628 621 547 422 415 365 271 245 279 304 233 253 120 0 0 0 0 0 1 13 0
91 97 139 187 174 177 169 208 201 164 155 245 290 372 352 391 383 494 507 566 710 608 608 771 877 789 737 702 526 453 404 288 298 249 304 294 164 125 130 0 0 0 0 0 0 0 0
94 101 142 215 252 236 218 216 232 224 200 219 338 420 453 501 520 385 435 512 720 754 650 789 974 789 656 580 554 498 441 329 346 265 254 319 144 55 28 0 0 0 0 0 0 0 0
114 123 157 211 227 205 213 205 222 263 254 180 309 408 428 461 490 538 485 564 704 853 720 821 1021 840 676 618 576 545 546 374 382 303 243 270 152 61 0 0 0 0 0 0 0 0 0
112 144 198 197 180 197 187 192 212 267 288 214 207 313 387 415 464 544 535 557 724 874 805 766 952 791 708 677 616 589 607 436 365 309 252 199 75 15 2 0 0 0 0 0 0 0 0
146 169 180 158 167 180 179 190 209 269 349 323 191 294 405 350 378 425 419 524 737 833 778 667 832 857 773 694 607 573 619 443 320 273 253 114 75 8 0 0 0 0 0 0 0 0 0
143 151 150 189 169 175 195 192 212 266 354 428 277 205 370 348 289 317 395 518 664 830 742 607 612 810 840 728 641 585 535 369 303 269 260 101 36 3 0 0 0 0 0 0 0 0 0
77 117 166 171 202 206 215 220 213 235 269 367 412 265 317 368 249 269 384 512 697 835 704 650 522 713 832 718 640 555 461 363 313 289 264 117 28 3 0 0 0 0 0 0 0 0 0
86 138 158 161 215 229 192 185 190 191 228 296 445 349 263 375 243 257 332 554 757 794 658 616 477 654 706 698 647 545 448 379 330 220 231 115 39 7 0 0 0 0 0 0 0 0 0
111 124 121 115 131 152 139 156 166 176 211 302 408 365 248 337 246 303 411 523 671 709 559 554 453 586 584 681 641 509 444 365 315 157 158 123 56 10 0 0 0 0 0 0 0 0 0
