tests/grid_standard/phillipines/compare_data/grid_standard_ele.ele
north: 1731612.448797993
south: 1692207.162715208
east: 332530.754773169
west: 298233.561330745
rows: 54
cols: 47
68 68 73 75 80 85 85 91 99 107 117 117 127 160 235 274 365 365 360 312 293 364 364 557 870 1189 1368 1431 1431 1210 1289 1330 1117 1117 835 1031 1322 1148 1148 795 588 448 423 535 535 373 343
65 66 70 73 79 84 84 89 96 104 115 115 123 170 268 319 465 465 439 313 303 368 368 630 1022 1221 1326 1415 1415 1280 1377 1487 1234 1234 927 1031 1301 1117 1117 806 607 496 534 716 716 412 334
64 65 68 73 78 83 83 86 93 101 111 111 124 207 324 361 526 526 488 409 363 377 377 657 993 1183 1394 1496 1496 1308 1361 1377 1317 1317 1127 1106 1280 1044 843 843 666 581 751 849 849 439 352
64 64 67 71 75 80 80 81 85 93 101 101 118 226 374 448 562 562 600 588 537 410 410 603 976 1098 1364 1430 1430 1165 1147 1133 1264 1264 1340 1250 1309 1106 1004 1004 776 800 874 673 673 396 479
63 62 65 69 73 76 76 77 79 87 91 91 101 166 291 409 525 525 687 754 762 517 517 480 859 875 1065 1054 1054 858 924 1068 1109 1109 1371 1494 1496 1392 1242 1242 996 992 768 490 490 471 529
65 61 62 66 69 71 71 73 75 80 81 81 86 121 260 378 501 501 625 792 886 719 719 570 597 626 707 701 701 722 899 1137 1089 1089 1388 1685 1655 1572 1345 1345 1147 1002 645 435 435 577 480
68 60 60 64 67 68 68 71 73 75 76 76 80 119 305 429 489 489 539 748 899 839 839 701 464 553 550 577 701 761 1042 1272 1197 1197 1379 1628 1636 1524 1357 1357 1161 967 704 515 515 726 502
60 60 60 63 66 66 66 69 70 72 73 73 76 107 232 334 453 453 594 772 900 926 926 831 636 660 722 726 726 981 1278 1542 1502 1502 1484 1496 1411 1376 1201 1201 1140 983 723 653 653 806 583
58 58 60 61 63 64 64 65 67 68 69 69 71 89 137 240 419 419 620 761 782 1001 1001 1064 946 835 1054 998 998 1257 1493 1554 1516 1516 1453 1428 1132 1147 965 965 1180 1134 713 747 747 715 790
63 63 59 60 62 64 64 64 67 69 70 70 71 78 100 196 345 345 497 586 606 885 885 1076 1164 1099 1334 1286 1286 1380 1484 1291 1130 1130 1201 1360 957 907 925 925 1261 1144 849 916 916 843 1019
80 80 63 61 62 64 64 65 67 70 72 73 73 74 85 134 223 223 347 492 653 858 858 986 1242 1294 1452 1451 1451 1409 1354 1152 928 928 1094 1285 856 797 953 953 1268 1054 954 1049 1049 993 1100
91 91 67 61 62 63 63 65 67 69 72 74 74 74 85 118 179 179 291 540 756 936 858 1015 1214 1358 1482 1461 1461 1289 1327 1128 853 853 1040 1155 806 813 1034 1034 1193 936 961 1133 1133 1136 1252
96 96 75 63 64 63 63 65 67 68 75 78 78 76 82 113 156 156 249 502 645 782 890 890 1089 1341 1298 1315 1315 1149 1226 958 812 812 828 892 698 877 1104 1104 972 765 913 1142 1142 1351 1493
121 121 92 66 73 65 65 66 69 76 100 93 93 84 81 98 119 119 170 361 456 639 801 801 1012 1225 1071 1088 1088 1182 1085 754 830 830 724 671 664 782 924 924 733 753 909 1112 1112 1437 1588
149 149 124 70 94 78 78 74 78 94 151 115 115 101 93 91 98 98 125 212 333 592 775 775 944 1142 1084 950 950 1163 923 674 656 656 671 603 609 611 661 661 627 751 920 1098 1098 1420 1524
152 152 152 73 113 108 108 104 102 117 182 138 138 124 114 98 90 90 117 165 287 534 682 682 857 1094 1110 883 883 1089 827 650 498 498 565 623 529 582 569 569 614 709 881 1041 1041 1389 1454
147 147 158 74 117 126 126 126 118 131 185 149 149 137 124 98 132 132 119 139 230 442 676 676 840 1008 1008 853 853 1096 820 627 492 630 630 636 658 708 678 678 689 813 976 1186 1186 1467 1372
142 142 158 76 107 131 131 141 153 177 184 178 178 164 139 114 188 188 197 123 141 270 524 524 708 831 781 789 789 1036 724 513 471 791 791 868 973 913 930 930 830 960 1114 1367 1367 1457 1154
148 148 169 81 99 134 134 146 179 241 208 212 212 198 162 154 186 186 276 215 124 146 273 273 454 586 626 618 618 858 536 478 653 1009 1009 1211 1270 1157 1149 1149 976 1068 1193 1459 1459 1379 956
184 184 172 88 97 122 122 136 169 253 252 233 233 223 222 198 190 190 281 328 162 101 134 134 220 311 454 421 421 657 377 508 820 1045 1045 1292 1470 1415 1233 1233 1149 1225 1229 1515 1389 1389 894
242 242 161 99 99 113 113 146 176 247 270 249 249 240 272 213 209 209 283 359 185 99 100 100 124 190 312 359 359 567 317 483 789 960 960 1250 1560 1508 1240 1240 1241 1225 1321 1526 1298 1298 847
275 275 158 105 104 114 155 155 176 249 303 273 273 268 263 246 224 224 297 306 177 117 101 101 117 156 232 309 309 500 316 453 642 873 873 1218 1478 1385 1216 1216 1293 1411 1523 1418 1131 1131 787
233 233 171 124 133 123 162 162 206 279 383 377 377 355 272 323 251 251 272 230 227 152 103 103 110 121 142 198 198 318 344 475 465 712 712 1040 1163 1095 1096 1096 1297 1468 1574 1216 923 923 674
171 171 198 157 192 171 189 189 266 358 458 526 526 484 351 344 252 252 227 222 284 175 109 109 111 118 127 133 133 170 306 467 468 561 561 739 763 801 943 943 1143 1399 1465 1076 802 802 570
165 165 216 197 245 223 231 231 341 400 483 568 568 525 409 313 231 231 223 301 302 238 140 140 112 117 121 126 126 130 186 317 459 580 580 583 594 673 886 886 1036 1367 1416 1020 812 812 566
195 195 222 222 268 237 253 253 375 392 481 542 542 494 405 305 223 226 226 363 321 296 166 166 112 116 120 123 123 123 132 226 416 675 580 705 643 778 959 959 1137 1419 1412 1031 781 781 590
212 212 222 237 286 263 267 267 394 375 450 528 528 514 434 336 243 251 251 398 378 340 184 184 121 117 120 121 121 121 126 186 366 624 624 816 762 894 1049 1049 1353 1596 1469 1120 829 829 755
228 228 241 262 308 334 311 311 385 377 427 522 522 519 459 358 273 328 328 498 519 404 225 225 145 121 120 119 119 119 119 143 275 520 520 699 826 908 1157 1157 1482 1639 1369 1174 1059 1059 952
241 241 264 275 310 386 342 342 358 416 484 559 559 489 435 352 289 392 392 580 659 473 294 294 176 132 123 120 121 121 120 136 214 391 391 509 716 916 1277 1277 1530 1476 1111 974 1090 1090 1000
219 219 266 261 292 356 329 329 362 439 522 575 575 490 433 392 321 425 425 614 707 485 306 306 187 166 145 126 122 122 121 131 193 314 314 426 613 919 1307 1307 1562 1397 1015 798 969 969 992
200 200 262 244 277 320 316 316 366 442 510 561 561 507 450 431 349 446 446 631 699 449 271 271 182 192 164 126 124 124 123 134 178 279 279 404 594 881 1277 1277 1482 1188 975 698 761 761 793
179 179 230 229 263 318 311 311 360 448 489 560 560 506 456 498 394 465 465 642 652 404 326 326 246 234 200 158 133 133 126 133 157 257 257 408 630 948 1290 1290 1388 964 804 611 496 496 455
157 157 176 228 241 281 304 304 346 430 462 564 564 542 523 604 462 476 476 603 544 345 447 447 349 298 281 216 156 156 135 132 145 256 256 419 652 978 1174 1344 1344 1013 684 532 392 392 278
164 163 163 206 207 249 311 311 305 434 474 573 573 641 628 657 504 513 513 493 419 343 525 525 469 370 325 245 197 197 177 167 145 228 228 378 556 775 899 1183 1183 1085 746 506 413 413 273
186 193 193 176 195 246 337 337 264 424 473 568 568 675 623 653 599 569 569 430 360 354 536 536 551 419 324 243 223 223 213 200 149 216 216 351 493 646 783 1051 1051 1094 798 572 481 481 306
202 216 216 181 211 241 353 353 255 386 455 559 559 648 575 634 676 579 579 428 360 361 540 540 587 424 326 263 263 263 238 239 158 228 228 319 431 554 710 853 853 979 890 700 546 546 315
225 255 255 195 210 234 321 321 251 360 408 496 597 597 548 583 675 595 595 502 400 398 532 532 612 469 358 335 350 350 273 291 192 237 237 260 314 377 496 530 530 721 899 877 638 638 376
240 288 288 224 226 229 264 264 249 337 425 456 530 530 492 539 627 665 665 586 440 433 535 535 651 536 430 421 380 380 305 285 222 262 262 242 202 235 285 310 310 491 695 732 622 622 377
204 251 251 240 250 258 245 245 264 335 453 546 541 541 455 526 587 712 712 622 509 437 558 558 717 595 498 453 424 424 355 250 252 290 290 289 140 122 145 159 159 333 443 415 487 487 265
153 204 204 215 245 273 270 270 288 325 372 555 539 539 403 505 594 705 705 647 573 436 566 566 734 628 526 452 485 485 383 233 278 291 291 328 133 67 76 104 104 262 314 293 395 395 204
129 187 187 190 232 262 287 287 299 322 327 496 510 510 403 490 638 724 724 629 524 454 576 576 752 682 586 518 439 439 330 230 301 303 303 324 149 57 49 67 67 163 199 277 337 337 175
132 174 174 199 238 255 259 259 284 293 307 438 428 428 395 483 616 712 712 670 464 491 640 756 756 689 626 526 356 356 288 301 330 334 334 298 207 72 24 17 17 32 64 229 198 198 73
140 164 164 201 239 239 206 206 256 252 296 316 318 318 470 526 512 627 627 700 464 541 670 718 718 680 588 435 370 370 376 421 306 357 357 288 260 123 22 2 2 0 23 102 77 77 0
138 146 146 165 206 202 174 174 204 218 253 231 302 302 400 453 465 592 592 675 506 583 683 778 778 725 596 492 432 432 422 395 264 325 325 297 244 171 11 0 0 0 0 5 38 38 0
114 135 135 163 186 178 187 187 165 197 202 209 312 312 291 343 457 611 611 679 537 594 718 862 862 733 622 581 442 442 391 324 251 289 289 294 218 193 4 0 0 0 0 3 23 23 0
96 144 144 189 192 183 207 187 184 185 198 252 348 348 340 395 437 541 541 632 621 606 730 874 874 747 654 571 458 458 383 308 275 282 290 290 162 156 4 0 0 0 0 0 4 4 0
103 145 145 207 217 200 211 211 218 208 190 301 403 403 431 478 459 469 469 576 738 667 754 939 939 760 652 575 499 499 423 318 307 264 279 279 110 64 2 0 0 0 0 0 0 0 0
118 162 162 212 220 208 205 205 226 266 213 260 380 380 438 476 514 506 506 573 783 787 767 971 971 761 639 612 549 549 519 368 330 254 231 231 85 6 0 0 0 0 0 0 0 0 0
143 180 180 182 190 191 194 218 218 293 297 213 313 313 400 399 473 487 487 563 788 840 717 877 877 801 691 633 574 574 573 387 312 254 190 190 55 1 0 0 0 0 0 0 0 0 0
155 182 182 164 183 182 193 216 216 297 356 212 289 289 395 355 419 431 431 548 781 824 667 804 804 840 722 631 576 576 580 382 279 254 149 149 46 1 0 0 0 0 0 0 0 0 0
155 165 165 177 182 189 197 215 215 290 368 278 253 253 390 328 352 400 400 527 764 795 658 690 690 831 750 641 579 579 531 355 279 265 102 102 27 0 0 0 0 0 0 0 0 0 0
126 154 154 183 199 209 209 213 213 251 331 378 264 264 353 304 270 358 358 541 775 745 654 539 539 772 753 660 566 566 453 331 287 262 99 99 17 0 0 0 0 0 0 0 0 0 0
122 149 149 157 191 195 187 191 191 201 265 396 339 339 300 304 263 360 563 563 766 684 611 481 481 661 676 668 539 539 432 346 258 202 114 114 27 1 0 0 0 0 0 0 0 0 0
140 130 130 121 144 139 159 198 198 207 243 366 374 374 279 298 328 416 545 545 717 655 521 437 437 539 595 666 526 526 441 357 220 155 126 126 37 1 0 0 0 0 0 0 0 0 0
