tests/grid_standard/phillipines/compare_data/grid_standard_ele.ele
north: 1731612.448797993
south: 1692207.162715208
east: 298233.561330745
west: 332530.754773169
rows: 54
cols: 47
343 373 535 535 423 448 588 795 1148 1148 1322 1031 835 1117 1117 1330 1289 1210 1431 1431 1368 1189 870 557 364 364 293 312 360 365 365 274 235 160 127 117 117 107 99 91 85 85 80 75 73 68 68
334 412 716 716 534 496 607 806 1117 1117 1301 1031 927 1234 1234 1487 1377 1280 1415 1415 1326 1221 1022 630 368 368 303 313 439 465 465 319 268 170 123 115 115 104 96 89 84 84 79 73 70 66 65
352 439 849 849 751 581 666 843 843 1044 1280 1106 1127 1317 1317 1377 1361 1308 1496 1496 1394 1183 993 657 377 377 363 409 488 526 526 361 324 207 124 111 111 101 93 86 83 83 78 73 68 65 64
479 396 673 673 874 800 776 1004 1004 1106 1309 1250 1340 1264 1264 1133 1147 1165 1430 1430 1364 1098 976 603 410 410 537 588 600 562 562 448 374 226 118 101 101 93 85 81 80 80 75 71 67 64 64
529 471 490 490 768 992 996 1242 1242 1392 1496 1494 1371 1109 1109 1068 924 858 1054 1054 1065 875 859 480 517 517 762 754 687 525 525 409 291 166 101 91 91 87 79 77 76 76 73 69 65 62 63
480 577 435 435 645 1002 1147 1345 1345 1572 1655 1685 1388 1089 1089 1137 899 722 701 701 707 626 597 570 719 719 886 792 625 501 501 378 260 121 86 81 81 80 75 73 71 71 69 66 62 61 65
502 726 515 515 704 967 1161 1357 1357 1524 1636 1628 1379 1197 1197 1272 1042 761 701 577 550 553 464 701 839 839 899 748 539 489 489 429 305 119 80 76 76 75 73 71 68 68 67 64 60 60 68
583 806 653 653 723 983 1140 1201 1201 1376 1411 1496 1484 1502 1502 1542 1278 981 726 726 722 660 636 831 926 926 900 772 594 453 453 334 232 107 76 73 73 72 70 69 66 66 66 63 60 60 60
790 715 747 747 713 1134 1180 965 965 1147 1132 1428 1453 1516 1516 1554 1493 1257 998 998 1054 835 946 1064 1001 1001 782 761 620 419 419 240 137 89 71 69 69 68 67 65 64 64 63 61 60 58 58
1019 843 916 916 849 1144 1261 925 925 907 957 1360 1201 1130 1130 1291 1484 1380 1286 1286 1334 1099 1164 1076 885 885 606 586 497 345 345 196 100 78 71 70 70 69 67 64 64 64 62 60 59 63 63
1100 993 1049 1049 954 1054 1268 953 953 797 856 1285 1094 928 928 1152 1354 1409 1451 1451 1452 1294 1242 986 858 858 653 492 347 223 223 134 85 74 73 73 72 70 67 65 64 64 62 61 63 80 80
1252 1136 1133 1133 961 936 1193 1034 1034 813 806 1155 1040 853 853 1128 1327 1289 1461 1461 1482 1358 1214 1015 858 936 756 540 291 179 179 118 85 74 74 74 72 69 67 65 63 63 62 61 67 91 91
1493 1351 1142 1142 913 765 972 1104 1104 877 698 892 828 812 812 958 1226 1149 1315 1315 1298 1341 1089 890 890 782 645 502 249 156 156 113 82 76 78 78 75 68 67 65 63 63 64 63 75 96 96
1588 1437 1112 1112 909 753 733 924 924 782 664 671 724 830 830 754 1085 1182 1088 1088 1071 1225 1012 801 801 639 456 361 170 119 119 98 81 84 93 93 100 76 69 66 65 65 73 66 92 121 121
1524 1420 1098 1098 920 751 627 661 661 611 609 603 671 656 656 674 923 1163 950 950 1084 1142 944 775 775 592 333 212 125 98 98 91 93 101 115 115 151 94 78 74 78 78 94 70 124 149 149
1454 1389 1041 1041 881 709 614 569 569 582 529 623 565 498 498 650 827 1089 883 883 1110 1094 857 682 682 534 287 165 117 90 90 98 114 124 138 138 182 117 102 104 108 108 113 73 152 152 152
1372 1467 1186 1186 976 813 689 678 678 708 658 636 630 630 492 627 820 1096 853 853 1008 1008 840 676 676 442 230 139 119 132 132 98 124 137 149 149 185 131 118 126 126 126 117 74 158 147 147
1154 1457 1367 1367 1114 960 830 930 930 913 973 868 791 791 471 513 724 1036 789 789 781 831 708 524 524 270 141 123 197 188 188 114 139 164 178 178 184 177 153 141 131 131 107 76 158 142 142
956 1379 1459 1459 1193 1068 976 1149 1149 1157 1270 1211 1009 1009 653 478 536 858 618 618 626 586 454 273 273 146 124 215 276 186 186 154 162 198 212 212 208 241 179 146 134 134 99 81 169 148 148
894 1389 1389 1515 1229 1225 1149 1233 1233 1415 1470 1292 1045 1045 820 508 377 657 421 421 454 311 220 134 134 101 162 328 281 190 190 198 222 223 233 233 252 253 169 136 122 122 97 88 172 184 184
847 1298 1298 1526 1321 1225 1241 1240 1240 1508 1560 1250 960 960 789 483 317 567 359 359 312 190 124 100 100 99 185 359 283 209 209 213 272 240 249 249 270 247 176 146 113 113 99 99 161 242 242
787 1131 1131 1418 1523 1411 1293 1216 1216 1385 1478 1218 873 873 642 453 316 500 309 309 232 156 117 101 101 117 177 306 297 224 224 246 263 268 273 273 303 249 176 155 155 114 104 105 158 275 275
674 923 923 1216 1574 1468 1297 1096 1096 1095 1163 1040 712 712 465 475 344 318 198 198 142 121 110 103 103 152 227 230 272 251 251 323 272 355 377 377 383 279 206 162 162 123 133 124 171 233 233
570 802 802 1076 1465 1399 1143 943 943 801 763 739 561 561 468 467 306 170 133 133 127 118 111 109 109 175 284 222 227 252 252 344 351 484 526 526 458 358 266 189 189 171 192 157 198 171 171
566 812 812 1020 1416 1367 1036 886 886 673 594 583 580 580 459 317 186 130 126 126 121 117 112 140 140 238 302 301 223 231 231 313 409 525 568 568 483 400 341 231 231 223 245 197 216 165 165
590 781 781 1031 1412 1419 1137 959 959 778 643 705 580 675 416 226 132 123 123 123 120 116 112 166 166 296 321 363 226 226 223 305 405 494 542 542 481 392 375 253 253 237 268 222 222 195 195
755 829 829 1120 1469 1596 1353 1049 1049 894 762 816 624 624 366 186 126 121 121 121 120 117 121 184 184 340 378 398 251 251 243 336 434 514 528 528 450 375 394 267 267 263 286 237 222 212 212
952 1059 1059 1174 1369 1639 1482 1157 1157 908 826 699 520 520 275 143 119 119 119 119 120 121 145 225 225 404 519 498 328 328 273 358 459 519 522 522 427 377 385 311 311 334 308 262 241 228 228
1000 1090 1090 974 1111 1476 1530 1277 1277 916 716 509 391 391 214 136 120 121 121 120 123 132 176 294 294 473 659 580 392 392 289 352 435 489 559 559 484 416 358 342 342 386 310 275 264 241 241
992 969 969 798 1015 1397 1562 1307 1307 919 613 426 314 314 193 131 121 122 122 126 145 166 187 306 306 485 707 614 425 425 321 392 433 490 575 575 522 439 362 329 329 356 292 261 266 219 219
793 761 761 698 975 1188 1482 1277 1277 881 594 404 279 279 178 134 123 124 124 126 164 192 182 271 271 449 699 631 446 446 349 431 450 507 561 561 510 442 366 316 316 320 277 244 262 200 200
455 496 496 611 804 964 1388 1290 1290 948 630 408 257 257 157 133 126 133 133 158 200 234 246 326 326 404 652 642 465 465 394 498 456 506 560 560 489 448 360 311 311 318 263 229 230 179 179
278 392 392 532 684 1013 1344 1344 1174 978 652 419 256 256 145 132 135 156 156 216 281 298 349 447 447 345 544 603 476 476 462 604 523 542 564 564 462 430 346 304 304 281 241 228 176 157 157
273 413 413 506 746 1085 1183 1183 899 775 556 378 228 228 145 167 177 197 197 245 325 370 469 525 525 343 419 493 513 513 504 657 628 641 573 573 474 434 305 311 311 249 207 206 163 163 164
306 481 481 572 798 1094 1051 1051 783 646 493 351 216 216 149 200 213 223 223 243 324 419 551 536 536 354 360 430 569 569 599 653 623 675 568 568 473 424 264 337 337 246 195 176 193 193 186
315 546 546 700 890 979 853 853 710 554 431 319 228 228 158 239 238 263 263 263 326 424 587 540 540 361 360 428 579 579 676 634 575 648 559 559 455 386 255 353 353 241 211 181 216 216 202
376 638 638 877 899 721 530 530 496 377 314 260 237 237 192 291 273 350 350 335 358 469 612 532 532 398 400 502 595 595 675 583 548 597 597 496 408 360 251 321 321 234 210 195 255 255 225
377 622 622 732 695 491 310 310 285 235 202 242 262 262 222 285 305 380 380 421 430 536 651 535 535 433 440 586 665 665 627 539 492 530 530 456 425 337 249 264 264 229 226 224 288 288 240
265 487 487 415 443 333 159 159 145 122 140 289 290 290 252 250 355 424 424 453 498 595 717 558 558 437 509 622 712 712 587 526 455 541 541 546 453 335 264 245 245 258 250 240 251 251 204
204 395 395 293 314 262 104 104 76 67 133 328 291 291 278 233 383 485 485 452 526 628 734 566 566 436 573 647 705 705 594 505 403 539 539 555 372 325 288 270 270 273 245 215 204 204 153
175 337 337 277 199 163 67 67 49 57 149 324 303 303 301 230 330 439 439 518 586 682 752 576 576 454 524 629 724 724 638 490 403 510 510 496 327 322 299 287 287 262 232 190 187 187 129
73 198 198 229 64 32 17 17 24 72 207 298 334 334 330 301 288 356 356 526 626 689 756 756 640 491 464 670 712 712 616 483 395 428 428 438 307 293 284 259 259 255 238 199 174 174 132
0 77 77 102 23 0 2 2 22 123 260 288 357 357 306 421 376 370 370 435 588 680 718 718 670 541 464 700 627 627 512 526 470 318 318 316 296 252 256 206 206 239 239 201 164 164 140
0 38 38 5 0 0 0 0 11 171 244 297 325 325 264 395 422 432 432 492 596 725 778 778 683 583 506 675 592 592 465 453 400 302 302 231 253 218 204 174 174 202 206 165 146 146 138
0 23 23 3 0 0 0 0 4 193 218 294 289 289 251 324 391 442 442 581 622 733 862 862 718 594 537 679 611 611 457 343 291 312 312 209 202 197 165 187 187 178 186 163 135 135 114
0 4 4 0 0 0 0 0 4 156 162 290 290 282 275 308 383 458 458 571 654 747 874 874 730 606 621 632 541 541 437 395 340 348 348 252 198 185 184 187 207 183 192 189 144 144 96
0 0 0 0 0 0 0 0 2 64 110 279 279 264 307 318 423 499 499 575 652 760 939 939 754 667 738 576 469 469 459 478 431 403 403 301 190 208 218 211 211 200 217 207 145 145 103
0 0 0 0 0 0 0 0 0 6 85 231 231 254 330 368 519 549 549 612 639 761 971 971 767 787 783 573 506 506 514 476 438 380 380 260 213 266 226 205 205 208 220 212 162 162 118
0 0 0 0 0 0 0 0 0 1 55 190 190 254 312 387 573 574 574 633 691 801 877 877 717 840 788 563 487 487 473 399 400 313 313 213 297 293 218 218 194 191 190 182 180 180 143
0 0 0 0 0 0 0 0 0 1 46 149 149 254 279 382 580 576 576 631 722 840 804 804 667 824 781 548 431 431 419 355 395 289 289 212 356 297 216 216 193 182 183 164 182 182 155
0 0 0 0 0 0 0 0 0 0 27 102 102 265 279 355 531 579 579 641 750 831 690 690 658 795 764 527 400 400 352 328 390 253 253 278 368 290 215 215 197 189 182 177 165 165 155
0 0 0 0 0 0 0 0 0 0 17 99 99 262 287 331 453 566 566 660 753 772 539 539 654 745 775 541 358 358 270 304 353 264 264 378 331 251 213 213 209 209 199 183 154 154 126
0 0 0 0 0 0 0 0 0 1 27 114 114 202 258 346 432 539 539 668 676 661 481 481 611 684 766 563 563 360 263 304 300 339 339 396 265 201 191 191 187 195 191 157 149 149 122
0 0 0 0 0 0 0 0 0 1 37 126 126 155 220 357 441 526 526 666 595 539 437 437 521 655 717 545 545 416 328 298 279 374 374 366 243 207 198 198 159 139 144 121 130 130 140
