tests/grid_standard/multi_polygon_boundary/compare_data/grid_standard_basic_model_clean.ele
north: 3181059.990794903
south: 3079059.990794903
east: 718721.807239322
west: 600721.807239322
rows: 102
cols: 118
[rows 0 to 64 of 102, columns 0 to 95 of 118]
0 150 145 143 144 145 150 149 149 151 0 0 0 0 0 0 0 0 0 0 0 0 0 0 0 0 0 0 0 0 0 0 0 0 0 0 0 0 0 0 0 0 0 0 0 0 0 0 0 0 0 0 0 0 0 0 0 0 0 0 0 0 0 0 0 0 0 0 0 0 0 0 0 0 0 0 0 0 0 0 0 0 0 0 0 0 0 0 0 0 0 0 0 0 0 0
0 146 142 138 138 141 147 144 145 146 139 134 0 0 0 0 0 0 0 0 0 0 0 0 0 0 0 0 0 0 0 0 0 0 0 0 0 0 0 0 0 0 0 0 0 0 0 0 0 0 0 0 0 0 0 0 0 0 0 0 0 0 0 0 0 0 0 0 0 0 0 0 0 0 0 0 0 0 0 0 0 0 0 0 0 0 0 0 0 0 0 0 0 0 0 0
0 142 140 136 133 134 140 140 143 142 136 132 134 136 0 0 0 0 0 0 0 0 0 0 0 0 0 0 0 0 0 0 0 0 0 0 0 0 0 0 0 0 0 0 0 0 0 0 0 0 0 0 0 0 0 0 0 0 0 0 0 0 0 0 0 0 0 0 0 0 0 0 0 0 0 0 0 0 0 0 0 0 0 0 0 0 0 0 0 0 0 0 0 0 0 0
0 141 144 141 133 129 131 136 139 136 131 129 132 134 0 0 0 0 0 0 0 0 0 0 0 0 0 0 0 0 0 0 0 0 0 0 0 0 0 0 0 0 0 0 0 0 0 0 0 0 0 0 0 0 0 0 0 0 0 0 0 0 0 0 0 0 0 0 0 0 0 0 0 0 0 0 0 0 0 0 0 0 0 0 0 0 0 0 0 0 0 0 0 0 0 0
0 0 151 146 139 133 128 127 131 130 126 125 130 131 133 135 138 0 0 0 0 0 0 0 0 0 0 0 0 0 0 0 0 0 0 0 0 0 0 0 0 0 0 0 0 0 0 0 0 0 0 0 0 0 0 0 0 0 0 0 0 0 0 0 0 0 0 0 0 0 0 0 0 0 0 0 0 0 0 0 0 0 0 0 0 0 0 0 0 0 0 0 0 0 0 0
0 0 162 153 146 142 133 126 124 124 121 121 124 127 129 131 134 0 0 0 0 0 0 0 0 0 0 0 0 0 0 0 0 0 0 0 0 0 0 0 0 0 0 0 0 0 0 0 0 0 0 0 0 0 0 0 0 0 0 0 0 0 0 0 0 0 0 0 0 0 0 0 0 0 0 0 0 0 0 0 0 0 0 0 0 0 0 0 0 0 0 0 0 0 0 0
0 0 161 156 151 147 139 132 123 118 116 115 116 119 121 125 130 129 127 127 0 0 0 0 0 0 0 0 0 0 0 0 0 0 0 0 0 0 0 0 0 0 0 0 0 0 0 0 0 0 0 0 0 0 0 0 0 0 0 0 0 0 0 0 0 0 0 0 0 0 0 0 0 0 0 0 0 0 0 0 0 0 0 0 0 0 0 0 0 0 0 0 0 0 0 0
0 156 156 154 150 144 139 136 130 122 117 114 111 112 115 121 129 126 123 124 123 121 0 0 0 0 0 0 0 0 0 0 0 0 0 0 0 0 0 0 0 0 0 0 0 0 0 0 0 0 0 0 0 0 0 0 0 0 0 0 0 0 0 0 0 0 0 0 0 0 0 0 0 0 0 0 0 0 0 0 0 0 0 0 0 0 0 0 0 0 0 0 0 0 0 0
0 151 151 151 147 139 133 131 132 131 127 122 114 108 111 120 127 121 117 118 120 119 0 0 0 0 0 0 0 0 0 0 0 0 0 0 0 0 0 0 0 0 0 0 0 0 0 0 0 0 0 0 0 0 0 0 0 0 0 0 0 0 0 0 0 0 0 0 0 0 0 0 0 0 0 0 0 0 0 0 0 0 0 0 0 0 0 0 0 0 0 0 0 0 0 0
0 146 144 146 146 139 131 125 125 130 133 133 122 107 108 117 126 122 115 112 111 111 110 111 112 0 0 0 0 0 0 0 0 0 0 0 0 0 0 0 0 0 0 0 0 0 0 0 0 0 0 0 0 0 0 0 0 0 0 0 0 0 0 0 0 0 0 0 0 0 0 0 0 0 0 0 0 0 0 0 0 0 0 0 0 0 0 0 0 0 0 0 0 0 0 0
0 145 142 138 139 136 131 126 120 122 129 133 122 107 107 114 120 125 119 112 107 106 108 109 111 110 0 0 0 0 0 0 0 0 0 75 75 79 83 0 0 0 0 0 0 0 0 0 0 0 0 0 0 0 0 0 0 0 0 0 0 0 0 0 0 0 0 0 0 0 0 0 0 0 0 0 0 0 0 0 0 0 0 0 0 0 0 0 0 0 0 0 0 0 0 0
151 148 145 138 133 129 125 121 117 113 115 120 119 107 103 106 114 119 116 114 109 103 103 106 109 110 110 109 0 0 0 0 0 0 88 80 75 77 82 84 0 0 0 0 0 0 0 0 0 0 0 0 0 0 0 0 0 0 0 0 0 0 0 0 0 0 0 0 0 0 0 0 0 0 0 0 0 0 0 0 0 0 0 0 0 0 0 0 0 0 0 0 0 0 0 0
146 145 144 141 133 135 133 129 125 116 108 108 114 113 103 101 107 115 115 113 111 104 99 103 106 108 110 108 106 0 0 103 99 94 89 84 76 73 80 84 86 0 0 0 0 0 0 0 0 0 0 0 0 0 0 0 0 0 0 0 0 0 0 0 0 0 0 0 0 0 0 0 0 0 0 0 0 0 0 0 0 0 0 0 0 0 0 0 0 0 0 0 0 0 0 0
141 137 134 130 130 134 136 138 134 124 113 106 109 116 107 100 103 114 116 111 109 106 99 100 103 102 109 106 102 102 104 101 100 97 90 83 77 72 77 82 84 80 77 0 0 0 0 0 71 0 0 0 0 0 0 0 0 0 0 0 0 0 0 0 0 0 0 0 0 0 0 0 0 0 0 0 0 0 0 0 0 0 0 0 0 0 0 0 0 0 0 0 0 0 0 0
143 138 132 128 125 126 131 134 131 128 119 109 105 112 110 101 100 114 119 114 108 104 97 94 96 99 105 105 100 99 102 99 97 97 91 82 77 71 73 79 81 78 76 77 0 76 76 72 70 0 0 0 0 0 0 0 58 0 0 0 0 0 0 0 48 48 0 0 0 0 0 0 0 0 0 0 0 0 0 0 0 0 0 0 0 0 0 0 0 0 0 0 0 0 0 0
143 142 138 133 125 119 123 124 123 126 123 115 103 105 107 98 98 111 117 114 110 105 99 93 91 97 103 103 99 95 98 97 93 93 90 83 77 70 69 76 79 75 76 76 75 74 73 70 69 66 64 0 61 61 61 60 58 54 52 49 49 49 49 48 48 48 46 45 44 0 0 0 0 0 0 0 0 0 0 0 0 0 0 0 0 0 0 0 0 0 0 0 0 0 0 0
0 150 146 138 129 120 117 115 114 117 121 119 109 98 97 95 99 110 115 112 109 106 102 94 88 93 100 101 95 91 94 95 91 88 89 84 78 71 67 72 74 71 74 74 72 71 70 68 68 66 64 64 61 58 58 57 55 53 51 49 48 48 48 48 48 47 45 44 43 43 43 0 0 0 0 0 0 0 0 0 0 0 0 0 0 0 0 0 0 0 0 0 0 0 0 0
140 145 145 140 133 122 117 113 110 108 112 117 114 101 92 95 104 112 113 113 112 105 99 94 87 89 100 101 94 88 91 93 90 86 85 85 80 73 65 65 67 68 71 71 67 68 68 66 65 64 62 61 59 56 54 54 53 51 50 49 48 48 48 47 46 45 44 43 43 42 42 0 0 0 0 0 0 0 0 0 0 0 0 0 0 0 0 0 0 0 0 0 0 0 0 0
140 138 135 132 131 128 124 119 112 106 104 108 113 105 92 93 102 110 109 112 113 106 97 91 85 87 98 102 96 87 88 91 90 87 82 80 77 73 69 63 62 63 66 67 64 66 67 65 63 61 59 58 57 54 53 52 52 50 50 49 47 46 47 46 45 45 43 42 42 41 40 39 0 0 0 0 0 0 0 0 0 0 0 0 0 0 0 0 0 0 0 0 0 0 0 0
140 138 134 130 127 132 129 123 117 112 106 101 104 105 95 91 97 107 104 105 108 105 96 88 83 83 93 101 96 88 84 87 88 87 81 74 73 75 73 68 62 60 59 64 64 64 65 66 63 59 56 55 54 52 51 50 50 48 49 47 45 45 46 45 45 44 43 42 41 40 39 38 38 37 0 0 0 0 0 0 0 0 0 0 0 0 0 0 0 0 0 0 0 0 0 0
137 135 133 130 123 127 127 123 122 119 114 106 100 98 94 89 92 104 104 99 99 102 101 93 84 80 87 95 94 91 82 79 81 82 78 69 69 73 74 73 67 61 57 58 62 62 63 64 62 58 54 52 51 49 49 49 49 47 47 46 44 44 45 45 44 43 43 42 41 40 38 37 37 36 35 0 0 0 0 0 0 0 0 0 0 0 0 0 0 0 0 0 0 0 0 0
136 129 125 125 120 119 121 119 120 119 117 114 106 98 91 87 87 97 107 103 96 92 99 100 93 85 80 85 90 87 84 76 73 71 70 68 66 69 72 73 71 66 58 54 59 60 61 62 60 57 55 52 50 47 47 47 48 45 43 44 43 43 44 44 43 42 42 41 40 39 38 36 35 35 34 33 0 0 0 0 0 0 0 0 0 0 0 0 0 0 0 0 0 0 0 0
136 128 122 120 116 111 113 114 114 113 112 113 111 104 95 90 86 89 101 104 98 90 89 94 93 92 81 75 77 78 80 76 73 70 68 66 63 63 65 69 72 67 58 53 56 58 58 59 59 56 56 55 51 49 49 48 47 45 43 42 42 43 44 43 43 42 40 40 39 38 37 35 34 33 32 32 31 0 0 0 0 0 0 0 0 0 0 0 0 0 0 0 0 0 0 0
136 129 123 120 116 117 112 108 105 103 101 102 102 100 91 88 85 85 91 96 96 90 83 84 83 87 86 79 74 71 71 71 70 68 64 62 60 58 57 62 69 68 62 55 54 56 55 58 57 54 55 55 54 52 51 50 49 48 44 41 42 43 43 43 42 42 40 38 38 37 35 34 33 32 31 31 30 30 29 0 0 0 0 0 0 0 0 0 0 0 0 0 0 0 0 0
137 133 130 127 123 119 114 107 104 100 98 98 94 91 91 91 87 82 83 88 88 83 77 76 75 76 83 85 81 75 71 68 66 66 64 60 59 57 54 56 64 66 64 58 52 54 54 57 56 52 53 54 53 51 51 50 49 47 43 41 41 42 43 42 42 41 39 36 35 35 34 33 32 31 30 29 29 29 28 28 0 0 0 0 0 0 0 0 0 0 0 0 0 0 0 0
0 138 132 125 119 112 110 112 115 110 106 104 99 98 100 102 94 85 80 80 80 77 75 74 73 70 72 78 81 81 78 73 72 71 69 64 62 60 57 52 60 64 62 56 51 52 53 56 55 52 52 53 52 49 49 48 46 45 42 39 40 42 42 41 41 40 38 36 35 34 32 31 31 30 29 28 28 28 27 27 27 0 0 0 0 0 0 0 0 0 0 0 0 0 0 0
0 137 133 125 118 116 118 121 122 115 111 107 104 107 108 106 97 92 83 80 80 79 81 82 80 74 71 69 72 77 80 78 75 71 71 69 66 62 59 54 54 61 60 54 49 50 53 54 52 50 50 51 50 47 47 45 44 41 39 39 40 42 40 40 39 38 37 36 34 33 31 29 29 30 29 28 27 27 27 27 27 0 0 0 0 0 25 25 24 0 0 0 0 0 0 0
0 137 133 127 125 124 125 127 124 117 115 113 112 112 111 106 101 101 92 90 91 89 92 93 87 82 78 71 67 69 75 75 69 67 70 70 68 64 61 55 53 59 57 51 47 48 51 52 49 47 47 49 48 45 46 44 42 39 37 39 40 40 38 37 37 36 35 34 33 32 30 28 28 28 28 27 27 27 27 27 26 26 25 26 25 24 24 24 24 0 0 0 0 0 0 0
0 0 0 129 129 124 121 124 121 115 114 117 116 114 113 109 107 107 104 102 101 98 99 97 91 88 84 76 70 67 68 69 68 67 67 68 68 65 61 55 52 58 55 49 46 47 49 49 46 45 46 47 45 41 42 42 40 37 38 39 39 38 37 35 35 34 32 32 32 31 30 29 27 27 27 26 26 26 26 26 26 26 25 25 25 24 24 23 23 0 0 0 0 0 0 0
0 0 0 0 126 123 118 117 116 110 109 112 110 110 115 114 110 104 104 105 101 97 98 95 92 88 83 78 74 68 64 66 70 68 65 64 64 62 59 53 50 55 54 49 45 46 47 45 43 44 46 46 43 39 36 37 36 35 38 39 38 37 36 34 33 33 32 31 31 30 30 29 27 26 26 25 24 24 25 26 26 25 25 25 24 24 23 23 22 22 0 0 0 0 0 0
0 0 0 0 123 120 115 111 111 105 103 105 103 106 111 112 106 98 96 97 96 92 93 93 90 87 82 76 73 70 65 65 69 67 64 61 59 57 54 50 48 51 52 50 44 43 44 43 41 43 45 44 41 36 33 34 35 36 38 38 37 36 35 34 33 33 32 30 30 30 29 28 26 25 25 24 23 23 24 25 25 25 25 25 24 23 22 22 22 21 21 20 20 19 0 0
0 0 0 0 124 120 113 109 106 102 98 98 97 100 105 109 105 99 93 90 91 88 89 90 87 84 81 74 70 68 66 63 65 66 65 63 59 56 52 48 45 48 47 47 42 40 42 40 40 43 44 42 40 37 33 33 36 37 37 36 35 34 34 33 33 32 31 29 29 28 28 27 25 24 24 24 24 24 24 25 25 25 25 24 24 22 22 21 21 21 20 20 19 19 19 18
0 0 0 0 127 124 119 113 106 103 98 95 93 95 100 105 107 103 97 90 86 83 83 85 82 79 77 71 66 64 63 61 60 63 65 66 60 57 53 49 45 43 42 42 39 38 39 37 38 42 42 40 38 37 33 33 36 36 35 35 34 33 32 32 32 31 30 29 27 27 28 27 25 24 24 24 24 24 24 24 25 25 24 24 23 22 21 21 20 20 20 19 19 19 18 17
0 0 0 0 0 123 119 112 108 107 102 95 92 90 93 98 103 102 100 95 91 86 81 77 76 73 72 70 65 63 60 58 58 61 64 65 63 59 56 52 46 43 41 39 37 36 35 34 35 40 41 39 37 35 32 32 35 35 34 34 33 32 31 31 30 30 29 28 26 26 26 26 25 24 24 23 23 23 23 24 24 24 23 23 22 21 21 20 20 19 18 18 18 18 17 17
0 0 0 0 0 120 119 115 113 110 104 99 97 90 86 88 93 95 97 95 91 86 81 75 70 68 68 69 67 65 61 58 58 60 62 63 62 60 57 55 49 45 43 40 38 36 35 33 33 38 40 37 35 34 31 32 34 35 33 32 31 31 31 30 30 29 28 25 24 24 24 24 23 23 23 23 23 23 23 24 23 23 22 21 21 21 20 19 19 18 18 18 18 17 16 16
0 0 0 0 0 0 120 118 115 111 109 105 100 95 90 84 85 87 89 89 85 80 77 74 68 66 66 68 67 66 64 58 57 58 60 61 59 58 57 55 52 47 45 43 40 37 36 34 32 35 38 35 33 33 31 31 33 34 32 30 29 29 30 30 30 29 27 23 22 23 23 23 22 22 22 22 23 22 23 23 23 22 21 20 20 20 19 18 18 17 17 17 18 18 16 16
0 0 0 0 0 0 118 114 109 107 108 106 101 99 95 87 81 79 81 83 82 79 74 71 67 64 65 67 67 66 65 60 56 56 57 58 56 54 54 54 52 48 46 44 41 38 36 35 33 33 34 32 31 31 30 29 31 32 30 28 28 28 28 29 29 28 26 23 22 23 23 22 22 22 22 22 22 21 22 22 21 21 20 19 19 19 18 17 17 17 17 17 18 18 17 16
0 0 0 0 0 0 116 112 105 100 103 107 104 100 93 87 84 81 77 75 75 74 72 67 65 63 64 65 66 65 64 60 55 54 54 54 54 51 51 53 52 49 47 44 41 40 38 36 34 32 31 30 30 29 28 28 29 30 29 28 27 27 28 28 28 26 24 23 23 23 22 21 21 21 21 22 22 20 20 20 20 19 19 18 18 18 19 18 17 17 16 17 17 18 17 16
0 0 0 0 0 0 113 113 109 99 99 105 105 102 95 90 91 88 79 73 70 69 68 65 63 61 61 62 64 64 63 59 56 54 52 52 53 52 50 51 51 48 45 43 42 40 37 36 34 32 31 30 30 28 27 27 27 28 28 26 26 26 27 27 26 23 22 22 22 22 21 21 21 21 21 21 21 20 19 19 19 19 18 17 18 18 18 18 17 16 16 16 17 17 16 16
0 0 0 0 0 0 108 110 109 98 96 103 104 100 96 94 92 88 83 78 73 69 67 64 62 60 59 60 63 65 63 60 57 55 53 52 52 52 50 48 48 45 43 42 41 38 36 35 33 31 30 30 29 28 27 27 26 26 26 25 24 24 25 25 23 22 21 22 22 22 21 20 20 21 21 21 21 20 19 18 19 18 17 17 17 17 18 18 17 16 16 16 16 16 15 14
0 0 0 0 0 108 105 104 104 97 92 98 98 94 92 92 88 84 83 81 77 73 70 66 62 61 59 58 61 63 63 60 57 56 55 54 51 50 49 47 46 44 43 42 41 37 35 34 32 30 29 29 28 27 26 26 26 26 26 27 25 22 23 23 23 22 22 22 22 22 21 20 20 20 21 21 20 18 18 18 18 17 17 16 17 17 17 17 17 16 15 15 15 15 15 14
0 0 0 0 0 108 106 100 100 97 89 92 92 89 88 88 86 82 78 76 76 74 71 66 62 60 58 56 59 61 62 59 57 57 56 55 50 48 48 47 45 44 43 42 40 37 35 33 32 30 29 28 28 27 25 24 26 27 28 28 26 22 21 22 22 23 22 22 21 20 20 20 20 20 21 21 19 17 17 18 17 17 16 16 16 16 17 17 16 15 15 15 14 14 14 14
0 0 0 0 0 107 104 99 94 93 86 86 86 86 85 85 83 81 75 71 72 72 70 64 60 59 57 57 58 59 59 58 56 56 56 55 51 49 48 46 45 44 43 41 39 37 34 33 32 31 30 29 29 28 26 24 26 27 28 28 28 25 22 21 23 24 23 22 22 20 19 19 19 20 20 21 19 17 17 17 17 16 16 16 16 16 17 17 16 15 14 14 14 13 13 13
0 0 0 0 0 0 101 98 92 90 89 84 82 81 80 81 79 77 74 69 67 69 68 64 61 59 57 56 59 57 57 56 54 53 54 52 50 48 47 46 46 44 42 41 39 37 34 34 34 34 32 30 29 28 28 26 25 27 27 29 28 26 22 20 24 25 23 22 21 20 18 18 18 19 19 19 19 17 17 17 17 16 16 16 16 16 18 17 16 15 14 13 13 13 12 12
0 0 0 0 0 0 90 92 90 86 88 83 78 75 74 77 76 74 72 68 65 64 64 63 61 59 56 55 57 55 54 54 52 50 50 50 48 46 45 45 45 43 43 41 40 39 36 35 35 36 34 31 30 29 28 27 26 28 29 29 28 24 20 20 24 25 24 22 20 19 18 17 18 18 18 18 18 17 17 17 16 16 16 16 16 16 17 17 16 15 14 12 12 12 11 11
0 0 0 0 0 0 90 89 88 83 80 78 75 72 71 73 74 72 72 67 65 63 62 59 57 57 56 54 54 53 52 51 50 48 47 48 48 46 45 44 44 43 44 43 41 40 37 35 35 35 33 30 30 29 28 26 25 28 29 29 27 22 18 20 23 24 23 21 20 19 17 16 17 17 17 17 17 17 16 16 16 16 16 16 16 16 17 16 15 15 13 11 11 11 10 10
0 0 0 0 0 0 0 88 87 83 78 74 72 71 67 67 67 66 67 67 65 64 63 60 54 53 54 52 51 52 51 50 48 47 46 45 46 45 44 44 44 44 46 47 45 40 38 36 35 33 31 30 29 28 27 26 24 25 27 28 25 20 18 18 21 22 22 22 19 18 16 16 16 16 16 16 16 16 16 15 15 15 15 16 16 16 16 15 14 13 12 11 11 10 9 9
0 0 0 0 0 0 0 86 85 82 79 76 73 71 68 67 65 63 62 63 63 61 60 60 55 52 51 50 49 50 49 48 47 45 44 43 43 44 44 44 44 46 49 50 46 41 38 37 34 33 31 30 29 27 26 26 24 23 24 24 22 20 19 17 18 19 20 21 18 17 17 16 14 15 16 16 16 16 15 15 15 14 14 15 15 15 15 14 13 13 11 10 10 10 9 8
0 0 0 0 0 0 0 84 82 80 78 76 75 74 74 73 71 68 64 60 58 56 55 55 54 53 51 49 48 49 48 48 46 45 43 41 41 42 44 44 43 47 51 48 45 43 39 36 34 33 31 30 28 27 25 25 24 23 23 23 22 21 20 18 17 16 16 17 17 16 16 16 14 13 15 15 15 15 15 14 14 13 13 14 14 15 15 13 12 12 10 10 10 10 9 8
0 0 0 0 0 0 0 83 82 80 76 74 73 73 73 72 71 68 64 58 56 56 56 53 50 51 51 49 46 47 48 47 45 43 42 41 40 40 42 42 42 46 47 44 43 44 42 36 33 32 31 30 28 27 26 25 24 23 23 23 22 21 20 19 18 15 14 14 15 15 16 15 13 12 14 14 15 15 15 15 14 13 13 13 13 15 14 12 12 11 10 10 10 9 8 8
0 0 0 0 0 0 0 0 81 80 77 73 72 70 69 67 66 65 62 60 60 61 59 54 49 48 48 47 45 45 47 46 43 41 39 38 38 37 39 40 41 42 41 40 42 44 41 35 32 32 31 29 29 28 26 25 24 24 23 23 21 20 19 19 17 16 16 15 13 14 15 14 13 11 13 14 15 16 16 15 15 13 12 12 13 14 13 12 11 10 9 9 9 9 8 8
0 0 0 0 0 0 0 0 0 80 78 76 74 72 70 67 66 66 66 65 63 62 57 51 48 46 45 45 43 43 44 43 41 39 38 37 37 36 36 37 39 39 36 38 41 43 38 33 32 31 30 29 28 27 26 25 24 23 23 22 19 19 18 18 17 16 15 15 13 13 14 13 13 11 12 13 15 16 17 16 16 15 12 12 13 14 13 11 11 10 9 8 8 8 9 8
0 0 0 0 0 0 0 0 0 0 78 76 76 75 74 71 69 68 67 65 60 57 53 50 48 47 46 46 44 44 43 42 41 40 40 39 38 37 36 35 36 36 34 37 40 39 36 33 32 31 29 28 27 26 25 24 23 22 22 20 19 18 17 17 16 15 14 15 14 13 14 13 12 10 10 12 14 15 16 16 16 15 13 11 12 13 12 10 10 10 9 8 7 8 9 8
0 0 0 0 0 0 0 0 0 0 75 75 75 76 74 70 68 67 65 62 56 53 52 52 51 51 51 49 47 46 45 43 42 41 40 40 39 38 36 35 34 33 33 35 37 36 34 32 30 29 27 26 26 25 24 23 21 20 20 19 18 18 18 18 16 15 14 13 12 13 14 14 13 11 9 11 13 14 15 15 15 15 13 11 11 11 10 10 10 10 9 8 7 7 8 7
0 0 0 0 0 0 0 0 0 0 73 73 74 75 74 69 68 66 64 59 54 53 55 56 54 54 53 51 50 48 46 44 42 41 40 39 38 37 37 36 33 31 30 33 34 33 31 29 28 27 25 25 25 24 24 22 20 19 19 18 17 18 18 18 17 15 14 12 11 12 13 13 13 11 9 11 13 14 14 14 14 14 12 9 10 10 10 10 10 9 9 8 7 7 6 6
0 0 0 0 0 0 0 0 0 0 72 71 71 73 73 70 67 65 62 57 55 56 58 59 56 55 54 52 51 48 46 44 43 41 39 38 37 36 35 34 32 30 29 30 31 31 29 27 26 25 24 24 24 23 22 21 19 18 18 17 16 17 18 18 17 16 14 12 11 11 12 13 13 12 9 10 13 13 14 14 13 13 12 9 9 9 10 9 9 9 9 8 7 7 5 5
0 0 0 0 0 0 0 0 0 0 73 71 69 70 71 69 67 63 59 56 57 59 60 59 57 54 53 52 49 47 45 44 42 40 38 37 36 34 33 32 31 31 29 29 30 30 28 26 25 25 24 23 23 22 21 20 19 18 18 17 16 16 16 17 16 16 14 11 11 12 12 13 13 12 9 9 12 13 13 13 12 12 12 10 8 8 9 9 9 9 8 7 7 6 5 5
0 0 0 0 0 0 0 0 0 0 73 71 69 68 67 66 64 61 58 58 59 60 60 58 55 53 52 50 46 45 44 43 41 39 37 36 35 33 32 31 31 30 29 29 30 29 28 26 25 25 23 23 23 22 21 19 18 18 18 17 16 15 15 15 15 15 14 11 10 10 10 10 11 11 10 8 10 13 12 13 11 11 11 10 9 8 8 8 8 8 7 6 6 5 5 4
0 0 0 0 0 0 0 0 0 0 0 70 70 70 68 65 63 62 60 60 61 61 60 57 53 52 51 49 45 42 41 40 40 38 36 35 34 32 31 31 30 30 29 29 30 29 28 26 25 24 24 24 22 21 20 19 18 18 17 17 15 14 13 14 13 12 10 9 8 7 6 6 7 10 11 8 9 12 12 11 10 9 10 11 10 9 7 6 6 6 5 5 4 4 4 4
0 0 0 0 0 0 0 0 0 0 0 0 72 72 69 68 66 64 62 62 61 59 58 56 52 50 50 47 44 41 40 38 38 37 35 33 32 31 30 30 30 29 28 29 30 28 27 26 25 25 24 23 22 20 19 19 18 18 17 17 16 14 13 13 12 10 9 9 8 8 8 6 4 8 10 8 9 12 11 10 9 8 8 9 8 7 6 5 5 5 5 4 3 3 3 3
0 0 0 0 0 0 0 0 0 0 0 0 0 0 69 68 64 62 61 61 59 57 56 54 50 48 47 46 43 41 39 38 36 35 34 33 31 30 30 30 29 28 27 28 28 27 27 26 25 25 24 22 21 19 18 18 18 18 18 18 17 16 15 14 13 10 10 10 9 10 10 6 5 5 6 6 8 9 10 9 9 8 7 6 5 5 5 5 5 5 5 4 4 0 3 3
0 0 0 0 0 0 0 0 0 0 0 0 0 0 0 0 60 59 58 58 57 55 54 53 49 46 45 44 42 40 38 36 35 34 34 33 31 30 30 29 29 28 27 28 27 27 26 25 24 23 23 22 20 19 18 18 18 18 18 18 17 17 15 14 13 11 11 11 11 11 10 8 6 4 3 3 4 6 9 10 9 8 7 6 5 4 4 4 4 4 4 4 0 3 3 4
0 0 0 0 0 0 0 0 0 0 0 0 0 0 0 0 58 57 57 56 54 53 52 51 48 46 45 44 42 39 37 36 35 34 33 32 32 30 28 28 28 27 27 27 27 26 25 22 21 22 22 21 20 19 18 17 17 17 17 17 17 17 16 15 13 12 12 12 12 11 11 10 10 8 6 4 3 4 6 7 10 7 6 6 5 4 4 4 4 4 0 0 0 3 4 5
0 0 0 0 0 0 0 0 0 0 0 0 0 0 0 0 58 58 56 55 52 51 50 49 46 45 45 44 43 39 37 36 35 33 32 31 31 30 27 26 26 25 25 26 26 26 25 20 19 20 21 20 19 19 18 17 18 17 17 17 17 16 16 16 15 13 13 13 12 11 10 11 11 12 10 7 4 3 3 2 0 7 6 5 4 4 4 3 0 0 0 0 0 3 4 6
0 0 0 0 0 0 0 0 0 0 0 0 0 0 0 0 0 0 56 55 52 50 49 48 46 44 44 44 42 39 37 36 35 32 30 29 29 28 27 27 27 25 24 25 26 25 23 21 19 19 20 20 19 19 18 17 17 16 16 16 16 14 15 15 14 13 13 13 12 10 9 9 10 10 11 9 7 5 3 0 0 7 6 5 4 4 0 0 0 0 0 0 0 3 4 6
