tests/grid_standard/philippines/compare_data/grid_standard_ele.ele
north: 1731612.448797993
south: 1692612.448797993
east: 331573.597397162
west: 298573.597397162
rows: 39
cols: 33
68 70 74 80 85 95 103 112 122 144 198 255 333 336 302 328 460 713 1029 1278 1336 1249 1309 1223 976 933 1166 1209 961 636 515 625 564
66 68 71 78 84 89 97 106 117 165 265 342 458 448 386 370 517 825 1088 1288 1399 1335 1369 1347 1222 1116 1193 1162 943 697 666 800 644
64 65 69 75 80 83 89 97 109 172 300 411 536 594 562 473 507 790 1037 1231 1319 1156 1140 1198 1302 1295 1280 1208 1055 860 837 774 535
62 63 67 72 76 78 83 89 96 133 228 350 540 720 758 639 498 670 867 970 992 891 996 1088 1240 1433 1495 1444 1210 1077 880 629 480
63 61 64 68 72 74 77 80 83 103 190 319 501 708 839 802 644 583 611 666 723 901 1157 1234 1288 1504 1632 1580 1347 1064 835 609 620
64 60 62 65 67 69 71 72 74 91 170 340 460 683 836 913 878 733 648 691 810 1130 1410 1522 1493 1490 1453 1393 1239 1061 853 688 729
65 60 60 63 64 66 68 68 70 80 113 265 520 691 771 891 1032 1005 890 944 1103 1375 1523 1535 1484 1440 1280 1139 1097 1157 924 730 731
79 71 62 62 64 66 68 70 71 74 86 185 421 541 596 745 980 1120 1131 1216 1333 1432 1388 1211 1165 1280 1158 932 1031 1203 996 882 879
92 86 69 63 64 66 67 71 76 77 79 117 202 391 548 697 852 1031 1233 1337 1315 1252 1228 990 946 1097 980 809 1013 1064 948 1047 1134
117 107 79 68 65 67 72 88 96 88 82 99 144 265 408 547 720 906 1118 1148 1114 1133 919 842 812 800 742 746 882 817 851 1037 1246
134 136 97 80 76 76 86 122 133 108 97 94 111 168 272 462 683 859 1043 1113 1066 1043 798 665 663 637 606 610 633 689 835 1009 1259
130 152 112 98 106 103 109 149 160 131 119 114 125 129 185 336 559 758 924 956 986 958 723 559 561 633 647 683 692 751 895 1081 1326
126 150 114 105 136 147 165 180 181 171 151 147 192 160 132 205 397 616 769 800 912 880 618 492 631 830 921 943 891 895 1037 1241 1412
128 158 116 116 140 162 210 224 210 205 180 167 231 245 169 135 209 364 520 610 738 697 507 565 831 1110 1241 1214 1094 1022 1130 1326 1419
150 178 119 109 129 152 211 252 242 228 222 203 235 304 245 131 117 177 266 395 539 517 443 664 932 1168 1381 1443 1265 1187 1273 1423 1412
189 201 120 106 129 161 213 276 288 270 266 244 260 302 241 147 109 109 137 232 405 408 385 548 757 1045 1348 1431 1298 1352 1467 1471 1274
182 202 142 128 142 184 243 331 380 366 313 282 262 251 228 190 128 107 115 154 258 331 409 470 588 876 1102 1129 1162 1382 1521 1395 1069
154 185 182 181 180 227 312 408 492 505 418 316 239 224 253 229 142 110 114 126 151 238 386 467 515 650 751 835 962 1271 1432 1270 939
186 200 233 255 227 286 370 442 525 546 415 317 227 262 301 270 189 126 114 121 128 158 251 388 519 642 674 793 1048 1278 1415 1221 906
218 234 270 321 322 337 382 413 487 520 431 298 275 325 388 359 262 152 119 119 121 123 156 276 495 720 789 902 1201 1474 1532 1294 974
206 252 283 348 364 350 387 450 522 524 425 320 340 486 557 514 353 212 144 123 120 120 129 209 398 609 762 964 1320 1560 1504 1271 1116
176 242 273 324 343 346 401 480 548 532 438 357 373 519 660 596 395 246 176 145 125 123 128 156 269 404 568 942 1377 1398 1181 950 880
151 204 240 290 314 336 404 469 525 533 486 446 429 553 647 528 365 286 240 197 146 130 130 145 207 332 519 956 1339 1176 884 708 554
148 167 215 261 292 325 388 446 513 553 556 533 469 540 574 445 396 398 323 265 186 145 133 138 200 337 535 934 1259 1179 848 608 462
154 163 192 228 280 308 369 454 523 607 642 580 508 503 456 381 434 497 388 313 221 187 172 156 186 303 467 743 1041 1134 916 626 459
167 185 188 220 291 300 344 448 521 622 650 626 584 499 395 360 450 563 445 294 263 250 238 198 193 273 375 565 781 916 934 795 623
186 225 202 222 277 286 305 384 452 547 576 629 635 548 451 399 465 572 480 347 342 311 282 241 215 249 287 396 513 626 810 888 757
188 250 225 227 246 256 293 381 440 493 520 583 646 625 513 436 484 593 539 425 400 342 295 253 242 252 222 241 297 400 593 713 677
164 232 245 254 251 254 299 394 499 544 507 556 650 667 565 473 497 638 603 476 439 389 302 251 271 289 214 136 152 246 388 429 451
133 190 230 259 271 279 307 348 463 547 477 564 681 676 576 489 515 664 673 552 478 385 280 266 302 314 236 85 58 115 181 238 307
125 168 217 241 240 272 289 300 372 433 435 549 664 691 567 478 565 698 690 576 441 322 295 315 332 316 253 101 21 24 48 147 213
121 150 185 204 188 189 230 249 272 335 397 479 557 657 591 502 606 694 662 511 402 373 398 363 331 322 223 135 12 1 11 62 89
102 137 174 182 182 185 184 191 225 313 368 416 489 586 626 613 648 758 725 570 480 426 383 318 292 311 237 91 6 0 0 1 13
100 151 212 208 205 215 213 199 245 378 454 469 464 523 657 702 711 847 783 613 537 461 370 313 285 271 179 55 1 0 0 0 1
112 164 216 214 206 215 246 239 236 359 457 495 510 539 678 785 777 869 790 625 580 534 443 349 292 243 107 3 0 0 0 0 0
129 168 186 190 192 206 255 295 255 308 399 436 480 525 675 814 779 797 790 662 603 574 480 349 283 202 65 0 0 0 0 0 0
135 166 179 185 193 206 253 329 323 307 359 340 376 464 645 779 727 674 757 695 610 555 443 317 272 183 43 0 0 0 0 0 0
122 154 191 204 209 211 232 291 354 331 328 287 314 450 658 760 699 655 688 706 613 509 392 309 275 180 38 0 0 0 0 0 0
117 153 174 193 191 189 196 233 330 345 302 283 311 461 664 725 647 584 669 672 603 485 389 302 230 158 47 0 0 0 0 0 0
