tests/grid_standard/philippines/compare_data/grid_standard_basic.ele
north: 1731532.891257422
south: 1693532.891257422
east: 331506.041488657
west: 298506.041488657
rows: 38
cols: 33
68 70 74 77 85 95 103 112 122 144 198 255 333 345 302 328 460 713 1029 1278 1399 1310 1309 1223 976 933 1166 1209 961 636 515 625 564
66 68 71 75 82 89 97 106 117 165 265 342 458 448 386 370 517 825 1088 1288 1445 1388 1369 1347 1222 1116 1193 1162 943 697 666 800 644
64 65 69 73 78 83 89 97 109 172 300 411 536 594 562 473 507 790 1037 1231 1397 1247 1140 1198 1302 1295 1280 1208 1055 860 837 774 535
62 63 67 71 75 78 83 89 96 133 228 350 540 720 758 639 498 670 867 970 1059 945 996 1088 1240 1433 1495 1444 1317 1077 880 629 480
63 61 64 67 71 74 77 80 83 103 190 319 501 708 839 802 644 583 611 666 704 835 1157 1234 1288 1504 1632 1580 1440 1162 835 609 620
62 59 61 64 67 69 71 72 74 91 170 283 460 683 836 913 878 733 648 691 724 995 1410 1522 1493 1490 1453 1393 1289 1108 853 688 729
66 61 60 61 64 66 68 69 70 77 101 165 426 691 771 891 1032 1005 890 944 1103 1249 1523 1535 1484 1440 1280 1139 1056 1093 924 730 731
79 71 62 61 63 66 68 71 72 73 79 110 235 499 613 779 984 1118 1189 1300 1350 1366 1388 1211 1165 1280 1158 932 916 1110 996 882 879
92 86 69 63 64 66 67 71 76 77 79 97 172 375 573 713 836 989 1215 1320 1254 1187 1092 937 884 970 887 800 952 995 894 1019 1134
117 107 79 68 65 67 72 88 96 88 82 90 129 265 408 547 720 906 1118 1148 1114 1133 919 792 777 698 668 723 853 803 831 1010 1274
134 136 97 80 76 76 86 122 133 108 97 92 105 168 272 462 683 859 1043 1113 1066 1043 798 665 663 637 606 610 636 679 835 1009 1259
130 152 112 98 106 103 109 149 160 131 119 106 116 129 185 336 559 758 924 1008 986 958 723 559 561 633 647 683 692 727 895 1081 1326
126 150 117 105 136 147 165 180 181 171 151 126 166 160 132 205 397 616 769 806 868 880 618 492 631 830 921 943 891 895 1037 1241 1412
128 158 125 104 140 162 210 224 210 205 180 167 205 245 169 135 209 364 520 606 701 697 507 565 831 1110 1241 1214 1094 1022 1130 1326 1419
150 178 130 102 129 152 211 252 242 228 222 203 235 304 245 131 117 177 266 382 510 517 443 664 932 1168 1381 1443 1265 1187 1273 1423 1412
189 201 130 103 129 161 213 276 288 270 266 244 260 302 241 147 109 109 137 194 347 408 385 548 757 1045 1348 1431 1298 1352 1467 1471 1274
182 202 147 126 142 184 243 331 380 366 313 282 262 251 228 190 128 107 115 131 219 331 409 470 588 876 1102 1129 1162 1382 1521 1395 1069
165 189 192 196 180 227 312 408 492 505 418 316 239 224 253 229 142 110 114 123 143 238 386 467 515 650 751 782 962 1271 1432 1270 939
203 208 229 262 265 306 375 424 506 538 477 333 241 293 301 270 189 126 114 119 126 158 251 388 519 642 674 710 958 1278 1415 1221 906
218 234 252 301 322 348 381 402 474 520 489 363 300 413 508 410 287 170 127 120 120 122 147 276 495 720 789 828 1098 1474 1532 1294 974
206 252 283 324 364 350 387 450 522 524 462 358 340 486 619 566 383 235 154 125 120 120 128 175 350 530 681 833 1209 1533 1404 1150 1039
176 242 273 324 343 346 401 480 548 532 461 382 373 519 660 596 395 246 176 145 125 123 128 156 228 341 499 737 1213 1335 1081 837 730
151 204 240 290 314 336 404 469 525 533 481 449 429 553 647 528 365 286 240 197 146 130 130 145 207 332 519 789 1208 1176 884 708 554
148 167 215 261 292 325 388 446 513 553 533 530 469 540 574 445 396 398 323 265 186 145 133 138 200 337 535 815 1165 1179 848 608 462
154 163 192 228 280 308 369 454 523 607 635 596 508 503 456 381 434 497 419 313 221 187 172 156 186 303 467 665 952 1134 916 626 459
167 190 188 220 291 300 344 448 521 622 649 625 584 499 395 360 450 563 505 338 263 250 238 198 193 273 375 492 705 916 934 795 623
186 240 220 222 277 286 305 384 452 547 576 602 635 548 451 399 465 572 541 387 342 311 282 241 215 249 287 396 468 626 810 888 757
188 264 246 227 246 256 293 381 440 493 520 583 646 625 513 436 484 593 593 462 400 342 295 253 242 252 222 241 297 400 593 713 677
164 228 247 254 251 254 299 394 499 544 507 556 650 667 565 473 497 638 656 515 439 389 302 251 271 289 214 136 152 246 388 429 451
130 168 216 254 260 269 307 348 463 547 477 564 681 676 576 489 515 664 717 595 478 385 280 266 302 314 236 85 58 115 181 238 307
129 152 201 239 222 231 254 291 341 379 441 539 617 668 569 478 565 698 722 613 441 322 295 315 332 316 253 101 21 24 48 147 213
121 142 172 204 188 189 211 236 242 266 385 459 528 633 590 544 622 726 732 593 439 387 385 338 311 322 274 135 12 1 11 62 89
102 137 161 182 182 185 184 191 225 300 361 416 489 586 626 613 668 802 758 657 514 420 345 291 278 286 245 120 4 0 0 1 9
100 151 212 208 205 215 213 199 245 352 437 469 464 523 657 702 711 847 783 613 537 461 370 313 285 271 194 59 1 0 0 0 0
112 164 216 214 206 215 246 239 236 320 431 495 510 539 678 785 777 869 790 625 580 534 443 349 292 243 158 30 0 0 0 0 0
129 168 186 190 192 206 255 295 255 263 370 436 480 525 675 814 779 797 790 662 603 574 480 349 283 202 98 16 0 0 0 0 0
135 166 179 185 193 206 253 329 323 266 324 340 376 464 645 779 727 674 757 695 610 555 443 317 272 183 65 9 0 0 0 0 0
106 154 191 204 209 211 232 291 354 321 307 287 314 450 658 760 699 596 688 706 613 509 392 309 275 180 58 6 0 0 0 0 0
