tests/grid_standard/philippines/compare_data/grid_standard_basic_model_auto.ele
north: 1731532.891257422
south: 1692808.000476943
east: 331827.459136976
west: 298506.041488657
rows: 43
cols: 37
68 70 74 77 82 88 95 103 112 122 144 198 255 320 362 336 302 328 460 713 1029 1278 1399 1320 1249 1309 1223 976 933 1166 1209 961 706 551 515 625 564
66 68 71 75 80 84 89 97 106 117 165 265 342 444 507 448 386 370 517 825 1088 1288 1445 1402 1335 1369 1347 1222 1116 1193 1162 943 754 624 666 800 644
64 65 69 73 77 80 83 89 97 109 172 300 411 505 581 594 562 473 507 790 1037 1231 1397 1297 1156 1140 1198 1302 1295 1280 1208 1055 890 788 837 774 535
62 63 67 71 74 76 78 83 89 96 133 228 350 467 606 720 758 639 498 670 867 970 1059 956 891 996 1088 1240 1433 1495 1444 1317 1119 994 880 629 480
63 61 64 67 70 72 74 77 80 83 103 190 319 439 563 708 839 802 644 583 611 666 704 731 901 1157 1234 1288 1504 1632 1580 1440 1259 1064 835 609 620
64 60 62 64 66 67 69 71 72 74 91 170 283 393 523 683 836 913 878 733 648 691 724 854 1130 1410 1522 1493 1490 1453 1393 1289 1170 1061 853 688 729
61 59 60 62 63 64 66 68 68 70 80 113 188 330 520 691 771 891 1032 1005 890 944 1026 1127 1375 1523 1535 1484 1440 1280 1139 1056 1072 1157 924 730 731
66 61 60 61 63 64 66 68 69 70 74 89 148 270 421 541 596 745 980 1120 1131 1216 1310 1333 1432 1388 1211 1165 1280 1158 932 916 1093 1203 996 882 879
79 71 62 61 63 64 66 68 71 72 73 79 110 179 285 419 573 756 937 1114 1286 1420 1472 1375 1308 1228 990 946 1097 980 809 923 1113 1064 948 1047 1134
92 86 69 63 63 64 66 67 71 76 77 79 97 134 202 375 573 713 836 989 1215 1320 1307 1232 1187 1092 885 820 860 795 787 990 1038 868 839 1027 1246
117 107 79 69 69 65 67 72 88 96 88 82 90 109 144 265 408 547 720 906 1118 1148 1080 1135 1133 919 792 777 698 668 723 853 828 770 786 963 1246
134 136 97 82 86 76 76 86 122 133 108 97 92 95 111 168 272 462 683 859 1043 1113 1017 1056 1043 798 665 663 637 606 664 697 696 716 831 1010 1274
130 152 112 93 110 106 103 109 149 160 131 119 106 115 125 129 185 336 559 758 924 1008 930 975 958 723 559 532 594 576 556 636 644 689 835 1009 1259
126 150 117 92 119 136 147 165 180 181 171 151 126 151 192 160 132 205 397 616 769 806 785 912 958 708 545 590 633 647 683 693 684 751 895 1081 1326
128 158 125 90 116 140 162 210 224 210 205 180 158 170 231 245 169 135 209 364 520 699 706 861 802 618 492 631 830 921 943 922 880 895 1037 1241 1412
150 178 130 92 109 129 152 211 252 242 228 222 210 194 235 304 245 131 135 242 374 514 622 738 697 507 565 831 1110 1241 1214 1153 1062 1022 1130 1326 1419
189 201 130 99 106 129 161 213 276 288 270 266 254 235 260 321 272 142 100 177 266 382 437 539 517 443 664 932 1168 1381 1443 1324 1191 1187 1273 1423 1412
182 202 147 128 128 142 184 243 331 380 366 313 266 258 275 282 241 147 109 109 137 194 271 405 408 385 548 757 1045 1348 1431 1300 1255 1352 1467 1471 1274
154 185 178 174 181 180 227 312 408 444 436 352 329 287 262 251 228 190 128 107 115 131 170 258 331 409 470 588 876 1102 1129 1095 1196 1382 1521 1395 1069
171 190 207 221 234 227 258 357 447 539 505 418 348 298 239 224 253 229 142 110 114 123 130 151 238 386 467 515 650 751 782 872 1043 1271 1432 1270 939
203 208 229 261 253 245 314 370 442 525 546 467 361 272 227 262 301 270 189 126 114 119 124 128 158 251 388 519 642 674 710 868 1048 1278 1415 1221 906
218 218 238 278 296 265 330 385 413 489 521 474 385 289 247 325 388 359 262 152 119 118 120 121 123 156 276 495 720 789 828 971 1201 1474 1532 1294 974
219 251 252 285 321 322 348 381 402 474 520 489 408 316 300 413 508 461 314 185 133 120 119 119 119 131 209 398 609 762 867 1033 1320 1560 1504 1271 1116
206 252 269 292 348 364 350 387 450 522 524 462 393 320 340 486 619 566 383 235 154 127 122 120 120 128 175 302 450 612 816 1096 1403 1503 1294 1042 1032
176 242 263 276 324 343 346 401 480 548 532 461 412 357 373 519 660 596 395 246 176 155 135 125 123 128 156 228 341 499 737 1079 1379 1335 1081 837 730
151 204 229 246 290 314 336 404 469 525 533 481 477 446 429 553 647 528 365 286 240 217 179 146 130 130 145 207 332 519 789 1119 1339 1176 884 708 554
148 167 202 234 261 292 325 388 446 513 553 533 563 533 469 540 574 445 396 398 323 289 249 186 145 133 138 200 337 535 815 1076 1259 1179 848 608 462
154 163 184 206 228 280 308 369 454 523 607 635 643 580 508 503 456 381 434 497 419 347 285 221 187 172 156 186 303 467 665 837 1041 1134 916 626 459
167 190 184 185 220 291 300 344 448 521 622 649 638 626 584 499 395 360 450 563 505 375 294 263 250 238 198 193 273 375 492 632 781 916 934 795 623
186 240 225 202 222 277 286 305 384 452 547 573 565 629 635 548 451 399 465 572 541 414 347 342 311 282 241 215 249 287 345 437 513 626 810 888 757
188 264 256 225 227 246 256 293 381 440 493 511 515 583 646 625 513 436 484 593 593 483 425 400 342 295 253 242 252 222 219 260 297 400 593 713 677
164 228 245 245 254 251 254 299 394 499 544 498 490 556 650 667 565 473 497 638 656 547 476 439 389 302 251 271 289 214 131 134 152 246 388 429 451
133 178 209 230 259 271 279 307 348 463 547 471 447 564 681 676 576 489 515 664 717 634 552 478 385 280 266 302 314 236 103 53 58 115 181 238 307
122 153 187 219 246 257 272 289 300 372 433 411 439 549 664 691 567 478 565 698 722 657 576 441 322 295 315 332 316 253 140 48 21 24 48 147 213
129 152 182 220 239 222 231 254 274 306 317 394 498 519 569 663 582 502 606 694 699 634 511 402 373 398 363 331 322 274 191 73 12 1 11 62 89
121 142 155 185 204 188 189 211 236 242 266 351 426 459 528 633 590 544 633 730 751 660 544 462 427 408 329 294 311 270 207 91 6 0 0 1 9
102 124 149 174 182 182 185 184 191 225 300 344 368 416 489 586 626 613 668 802 810 700 612 514 420 345 291 278 286 226 159 80 2 0 0 1 1
100 124 176 212 208 205 215 213 199 245 352 417 454 469 464 523 657 702 711 847 849 706 613 537 461 370 313 285 271 194 87 33 1 0 0 0 0
112 140 187 216 214 206 215 246 239 236 320 409 457 495 510 539 678 785 777 869 866 700 625 580 534 443 349 292 243 158 45 3 0 0 0 0 0
129 162 181 186 190 192 206 255 295 255 263 356 399 436 480 525 675 814 779 797 839 746 662 603 574 480 349 283 202 98 23 0 0 0 0 0 0
135 160 171 179 185 193 206 253 329 323 266 321 359 340 376 464 645 779 727 674 760 790 695 610 555 443 317 272 183 65 14 0 0 0 0 0 0
106 140 169 191 204 209 211 232 291 354 321 308 328 287 314 450 658 760 699 596 655 762 706 613 509 392 309 275 180 38 6 0 0 0 0 0 0
101 135 153 174 193 191 189 196 233 330 367 320 302 283 311 461 664 725 647 546 571 669 672 603 485 389 302 230 114 47 0 0 0 0 0 0 0
