tests/grid_standard/gssha_project/grid_standard.ele
north: 4628776.274445
south: 4623840.136035
east: -1080465.941104
west: -1087825.092688
rows: 493
cols: 735
[rows 96 to 119 of 493, columns 440 to 494 of 735]
2742.957520 2740.239746 2738.924561 2739.012939 2745.112061 2736.741943 2734.012695 2730.900146 2727.545410 2723.301758 2718.229492 2712.996582 2707.564209 2701.717285 2696.283691 2692.664551 2690.899658 2690.942871 2690.720703 2689.537109 2687.851807 2684.712402 2681.124512 2676.459717 2670.881104 2664.319580 2658.784668 2654.173340 2649.511475 2645.111328 2642.478516 2644.431885 2649.180176 2654.420654 2658.528320 2662.387695 2666.624512 2671.342773 2677.796387 2684.858887 2693.072754 2702.816650 2711.864990 2719.341553 2724.832764 2729.221924 2734.386230 2739.791016 2743.598389 2745.587891 2746.996826 2746.805908 2744.472900 2740.030273 2734.016602
2738.344238 2734.618164 2733.062988 2732.599365 2756.034912 2730.368896 2728.232178 2725.177979 2721.934082 2718.096436 2713.280273 2707.735352 2702.404053 2696.927490 2691.143066 2687.136963 2685.214844 2684.945557 2684.794678 2684.083740 2682.114990 2678.236572 2673.946289 2668.428223 2663.368652 2658.173584 2653.311768 2649.173584 2644.401123 2639.759033 2638.008301 2640.556152 2646.094238 2651.331299 2655.571777 2659.805176 2664.051758 2669.477295 2674.914307 2681.186035 2688.791992 2697.822754 2707.812500 2715.849365 2721.473877 2725.878906 2730.854004 2735.590088 2739.425537 2741.935303 2742.756348 2741.921875 2739.217773 2734.197266 2728.609863
2734.702148 2729.994873 2727.015137 2725.765869 2716.966064 2723.581055 2721.352783 2718.748779 2715.629639 2711.620361 2707.190186 2702.618652 2697.886475 2693.005615 2686.678223 2681.265625 2678.509033 2677.831055 2676.990723 2675.440186 2672.586670 2669.699219 2665.624512 2661.191406 2657.042725 2652.651367 2648.066895 2643.457031 2638.323975 2633.820557 2632.846436 2636.008789 2642.250488 2648.700439 2653.019043 2657.006104 2661.911133 2666.704590 2672.521729 2678.392578 2685.115723 2693.633545 2703.273193 2712.138916 2718.595215 2723.726563 2727.921875 2731.959717 2735.258789 2737.112061 2737.518555 2735.874756 2732.577637 2727.981934 2723.009277
2732.232910 2726.116455 2722.203369 2719.594482 2717.775635 2716.015625 2713.919189 2711.513428 2708.724121 2704.970703 2701.250977 2697.193359 2693.531250 2688.733887 2682.293701 2676.402588 2671.965332 2669.863525 2668.227295 2666.400635 2664.365723 2661.862793 2658.265381 2654.876953 2651.138672 2646.751709 2642.090088 2637.333496 2632.209473 2628.399658 2628.077637 2631.547119 2638.322754 2645.485352 2650.379883 2654.770752 2659.229980 2664.155029 2670.032471 2675.933350 2681.989990 2689.470459 2698.824463 2707.745850 2715.353760 2720.781494 2724.910645 2728.287842 2731.233154 2732.428467 2731.937012 2729.865723 2726.738281 2722.908447 2717.663574
2729.884521 2723.050781 2717.469727 2713.657715 2711.060791 2708.782471 2706.135986 2703.956055 2701.436768 2698.732666 2695.388428 2692.248535 2689.040039 2684.477539 2678.165527 2671.393555 2666.586914 2663.721680 2661.714355 2659.739746 2657.928955 2655.145020 2652.123291 2648.229492 2644.696777 2640.537354 2636.077637 2631.343018 2626.440430 2623.380615 2623.448486 2627.447754 2633.813477 2641.389404 2647.647461 2652.033691 2656.445068 2661.462891 2667.344482 2673.031738 2679.321045 2686.580322 2695.108887 2703.595703 2711.185303 2717.228271 2721.693848 2724.703369 2726.604736 2727.771729 2727.084473 2725.184082 2721.952148 2717.563232 2711.599609
2727.540527 2719.711670 2713.084717 2720.909912 2704.144043 2700.738281 2697.823730 2695.846924 2694.066406 2692.381104 2689.566406 2686.598633 2683.770752 2679.004395 2672.791992 2666.451416 2661.486328 2658.555420 2656.430908 2654.199219 2651.608398 2648.996826 2645.737061 2642.125488 2638.362793 2634.265869 2630.454346 2625.869385 2621.402344 2617.888184 2619.395264 2623.854248 2629.859131 2636.534180 2643.833984 2649.186035 2653.983643 2658.792236 2664.468018 2670.985352 2677.125732 2683.802979 2691.485596 2699.720215 2707.263184 2713.323242 2718.023438 2721.038330 2722.462402 2722.895996 2722.207031 2720.445557 2716.816895 2711.631104 2704.981934
2725.264160 2717.090088 2709.662109 2726.716064 2697.147949 2692.330566 2689.369873 2687.583252 2686.710693 2685.373779 2682.857910 2680.454590 2676.845703 2672.244141 2667.015137 2661.875977 2657.499268 2653.713379 2650.030762 2647.905518 2645.351318 2642.412354 2639.480713 2636.267334 2632.644531 2629.232178 2625.368164 2620.845215 2615.843994 2613.127441 2614.796143 2620.197021 2626.396484 2632.765869 2639.631592 2646.208252 2651.374023 2656.304199 2662.073486 2668.085205 2674.718994 2681.536865 2688.631348 2696.070557 2703.547852 2710.021240 2713.999268 2716.965088 2718.485107 2718.537354 2717.570557 2715.230469 2711.067871 2705.250244 2698.948730
2722.768066 2714.403564 2706.912354 2691.379150 2692.754639 2686.686279 2682.599365 2680.710693 2680.038086 2678.580811 2676.234131 2673.575684 2670.367920 2666.021484 2661.949463 2657.578125 2652.799805 2648.225342 2645.004639 2642.029541 2639.496338 2636.760742 2633.630127 2630.947754 2627.785400 2624.270996 2620.035156 2614.916260 2610.347168 2608.162598 2609.916992 2615.943115 2622.752197 2628.950195 2635.594727 2642.679932 2648.939453 2654.087891 2659.258545 2666.107178 2672.936768 2679.259766 2685.885742 2693.193359 2700.323730 2706.057861 2710.672119 2713.615967 2714.654541 2714.175537 2712.992920 2710.126953 2705.382813 2699.809570 2694.175049
2719.902588 2711.787842 2704.542480 2697.790039 2690.526611 2683.651611 2678.189941 2675.306396 2673.513916 2671.734619 2669.454590 2667.079590 2664.079834 2660.757080 2656.631836 2652.531494 2647.991211 2643.643311 2639.972900 2636.972656 2634.612061 2631.508545 2628.871826 2626.191162 2622.788818 2618.747314 2613.820557 2608.688721 2604.541504 2602.940186 2605.639160 2611.850586 2618.799072 2625.523926 2631.687256 2638.875488 2645.878906 2651.329102 2656.556152 2663.375488 2670.683838 2677.455322 2683.713135 2690.678223 2697.597412 2703.474365 2707.586914 2710.171631 2710.953613 2710.470947 2708.527100 2705.140137 2700.729004 2695.352783 2690.754150
2717.108398 2709.758301 2703.367188 2695.927734 2689.035889 2682.656250 2676.583252 2671.421631 2667.954346 2665.752930 2663.641113 2661.186279 2657.950195 2654.261230 2650.692139 2647.005127 2642.946777 2639.035400 2635.472168 2632.557617 2629.525635 2626.338135 2623.979492 2620.778809 2617.038574 2612.234863 2607.393311 2602.412842 2598.945068 2598.662598 2601.947510 2607.525879 2614.220947 2621.684082 2627.983643 2634.414551 2642.385498 2648.795166 2654.227539 2660.508789 2668.072266 2675.455322 2681.896729 2688.806641 2695.138672 2700.757568 2704.502441 2706.812256 2707.448486 2706.513672 2704.314941 2700.974854 2696.607910 2691.936035 2687.042236
2714.979492 2707.759766 2702.036865 2694.420654 2687.857422 2681.539795 2675.296387 2669.072510 2663.704346 2659.814697 2657.157715 2654.494141 2650.963135 2647.643311 2644.563965 2641.251465 2637.960205 2634.620361 2631.775635 2628.785156 2625.779297 2622.093750 2618.263672 2614.761963 2610.780029 2605.811523 2601.164795 2596.920898 2593.874268 2594.394531 2597.945801 2603.841553 2610.639160 2617.673096 2624.102295 2630.612061 2637.891113 2645.681641 2651.913574 2658.302002 2665.591797 2672.906494 2679.724365 2686.888916 2693.261230 2697.955322 2701.455078 2703.471680 2704.278076 2702.932373 2700.373535 2696.937012 2692.852539 2688.441406 2682.760986
2713.251221 2706.486572 2699.425781 2693.044922 2686.949219 2680.830811 2673.998779 2666.908936 2659.639648 2654.321289 2650.751465 2647.470703 2643.724121 2640.723877 2638.370850 2635.660400 2633.284424 2630.354004 2628.101318 2625.606445 2621.977783 2617.552734 2612.915771 2608.965820 2604.291992 2600.215576 2595.845459 2591.278809 2589.115967 2590.125732 2594.562988 2600.428223 2606.614014 2613.112793 2620.061035 2626.563477 2634.064209 2641.612549 2649.031738 2655.383789 2662.247314 2670.053955 2677.910400 2684.932129 2691.142822 2695.629639 2698.950928 2700.677002 2700.377686 2699.528809 2697.269043 2693.508545 2689.428467 2685.029541 2678.416748
2711.229980 2704.378418 2697.349609 2691.063232 2685.226563 2679.664551 2672.992676 2664.510010 2656.637695 2650.032471 2645.522949 2641.370850 2638.177979 2634.983398 2632.535156 2630.056885 2627.777832 2626.173096 2624.282959 2621.613525 2617.628906 2612.250977 2607.103027 2602.698486 2598.634277 2594.515137 2590.176270 2585.508301 2583.227051 2584.838135 2590.208008 2596.794922 2602.989258 2608.967041 2615.831543 2623.040771 2630.388916 2638.069336 2645.571289 2652.873291 2659.600586 2667.157959 2675.075195 2682.779541 2689.104492 2693.499756 2696.232666 2697.440674 2697.610107 2696.569336 2693.766602 2689.742432 2685.657959 2680.343262 2673.522461
2708.062744 2701.641357 2695.077393 2689.188965 2683.964600 2677.791992 2670.735107 2662.400635 2653.692871 2647.556641 2642.856201 2638.096436 2633.739014 2630.177490 2626.880859 2624.120605 2622.850586 2621.052490 2618.966064 2615.494141 2610.746338 2605.604736 2601.168701 2597.010254 2593.032471 2588.757324 2584.177490 2579.588623 2577.559814 2580.519287 2586.138428 2593.159668 2598.910645 2605.173340 2611.729004 2619.319824 2627.084473 2634.577148 2642.489258 2650.035156 2656.969482 2663.832764 2672.157227 2680.086914 2686.844238 2691.226563 2693.378662 2694.393066 2694.261230 2692.544678 2689.610352 2685.389648 2680.864990 2675.129150 2668.897705
2704.755859 2692.159180 2692.540039 2687.130127 2681.497070 2675.162598 2667.573730 2659.188721 2651.583008 2645.267090 2640.376221 2635.356689 2630.839355 2626.664795 2622.535400 2619.160156 2616.604736 2614.711426 2611.954102 2608.131592 2603.881348 2599.370605 2595.447510 2591.636475 2587.953613 2583.104004 2578.022461 2573.645508 2572.857422 2575.877686 2582.016357 2588.850098 2595.014404 2601.047607 2607.841553 2616.049561 2624.131592 2631.531738 2639.322021 2647.461182 2654.632080 2661.014160 2668.785156 2677.854004 2685.406738 2688.975830 2691.061523 2691.962402 2691.194580 2689.109375 2685.775146 2681.611084 2676.300049 2670.684326 2664.164795
2700.686279 2676.546631 2689.752197 2684.279297 2677.775146 2670.328613 2662.549316 2654.575439 2647.350342 2641.604492 2637.333496 2632.581787 2628.178467 2623.720215 2618.774658 2614.190674 2610.764648 2607.974854 2605.037598 2601.232910 2597.013916 2593.412354 2590.189209 2586.584473 2582.213135 2576.804932 2571.980469 2568.562500 2568.183350 2571.054443 2577.258301 2584.274902 2591.021973 2597.254639 2604.324951 2612.381348 2620.814941 2628.703369 2636.285400 2644.630127 2652.264893 2658.736084 2665.858643 2674.726807 2682.099609 2686.739502 2688.829102 2689.473877 2688.398193 2686.374512 2682.702393 2677.188477 2671.615234 2666.077637 2659.785889
2696.658203 2698.174805 2686.918213 2680.057861 2672.586914 2664.706055 2657.086426 2649.865234 2643.489014 2638.302002 2633.269287 2629.089355 2624.550293 2619.611328 2614.213379 2609.258789 2604.974121 2601.898193 2598.823730 2594.868164 2591.703125 2588.520508 2585.201660 2580.579834 2575.356201 2570.679199 2566.317383 2563.531738 2563.398193 2566.498047 2572.647949 2579.533203 2586.894531 2593.988281 2601.284668 2609.319824 2617.642822 2625.424805 2633.437500 2641.987305 2649.729248 2656.678955 2663.063477 2670.781738 2678.573242 2684.183594 2686.736816 2686.994385 2686.377197 2683.719238 2678.989014 2673.374512 2667.211182 2661.497803 2655.221924
2693.211670 2688.641602 2682.187500 2674.268799 2666.071533 2658.354980 2651.268311 2644.411133 2638.639404 2634.092041 2629.278320 2624.378418 2619.803467 2614.517334 2608.956299 2603.860107 2599.707764 2596.196777 2593.542969 2590.026611 2586.599854 2583.349854 2578.815674 2574.121094 2569.171387 2564.303955 2560.039551 2557.583496 2558.112305 2562.061523 2567.593262 2574.364014 2582.206055 2590.225830 2598.061279 2605.856934 2614.395508 2622.614502 2630.504150 2638.729980 2647.348877 2654.898682 2661.255859 2667.409912 2674.322998 2680.112305 2683.037598 2683.669678 2682.804199 2679.782959 2675.210449 2669.280518 2663.040283 2656.755371 2649.856689
2689.343018 2683.680908 2676.124023 2667.610840 2659.600098 2652.277588 2645.285156 2638.176270 2633.007568 2628.358643 2623.161621 2618.473145 2613.842773 2609.263184 2603.566162 2598.853271 2595.082764 2591.303223 2588.375244 2584.908203 2581.486084 2577.395752 2572.483643 2567.612549 2562.591797 2557.943604 2553.634033 2551.200439 2552.845215 2556.769531 2562.228516 2569.492920 2577.387451 2586.387939 2594.921387 2603.100342 2611.217773 2619.595947 2627.702393 2635.608398 2644.420166 2652.322754 2658.905029 2664.557373 2669.877197 2674.872314 2678.386230 2679.666504 2678.332764 2674.882813 2670.210449 2664.260010 2658.379395 2651.877930 2644.348633
2665.785400 2676.401611 2668.464844 2659.905762 2652.480957 2644.956543 2637.437988 2630.957764 2625.869385 2621.202637 2616.759766 2612.321777 2608.077881 2603.663574 2598.753418 2594.207031 2590.205078 2587.053223 2583.230713 2579.320068 2575.126709 2570.645020 2565.779053 2560.718750 2555.734863 2551.053711 2547.059082 2546.489990 2548.547852 2552.868408 2557.785156 2564.193359 2572.952148 2582.301025 2591.946045 2599.971191 2607.968506 2616.597168 2624.873535 2632.541260 2640.864258 2649.575928 2656.528320 2661.844727 2666.612793 2671.076172 2673.917725 2674.381592 2672.890869 2669.460693 2664.547119 2659.165283 2653.223145 2646.489502 2638.866699
2680.141846 2668.320313 2659.820801 2651.403076 2643.548096 2635.789795 2628.639893 2622.611816 2618.088379 2613.779785 2609.863525 2606.273193 2602.276611 2598.497559 2593.888428 2589.449219 2585.626709 2581.711426 2577.533691 2572.665527 2567.985352 2563.234131 2558.388916 2553.488770 2548.746338 2544.746582 2542.186523 2542.096191 2545.422363 2550.032715 2554.957275 2560.506104 2568.647705 2578.864258 2588.970459 2597.924561 2605.413086 2613.447998 2621.483643 2629.216309 2637.274170 2646.331543 2653.897217 2659.119385 2664.006836 2667.565674 2669.369629 2669.665527 2667.605713 2664.095215 2659.369141 2654.257568 2648.308105 2641.151123 2634.019775
2665.972168 2658.325195 2650.031006 2641.807617 2633.906006 2626.631836 2620.311035 2615.219971 2611.365479 2607.966553 2604.197266 2601.001709 2597.502441 2593.258789 2589.008789 2584.745605 2580.433594 2576.029297 2570.213623 2564.933594 2560.334473 2555.519287 2550.955078 2546.338135 2542.428467 2538.881592 2537.312988 2538.572998 2542.877930 2548.179199 2553.215332 2558.345947 2565.907227 2575.863770 2586.089111 2595.204834 2603.019043 2610.693848 2618.791260 2625.956543 2633.366211 2642.626953 2650.491943 2656.282227 2660.765625 2664.213867 2665.769287 2665.661865 2663.185059 2659.316162 2654.622559 2649.182129 2642.997559 2636.182617 2629.348633
2655.361816 2648.167725 2640.282227 2632.350830 2625.360107 2618.951416 2613.649414 2609.959717 2606.497314 2602.937744 2599.334229 2596.135742 2592.907715 2588.677246 2584.083984 2579.159180 2574.062988 2568.501709 2562.790039 2557.828125 2552.678467 2548.697021 2544.261475 2540.168457 2536.317383 2533.174561 2532.076660 2535.101563 2540.791748 2547.241943 2552.355225 2557.566895 2564.286133 2573.436035 2583.646973 2593.038330 2600.973877 2608.153320 2615.812012 2622.946533 2630.124756 2638.408203 2646.948975 2653.622559 2658.181885 2661.346924 2662.657471 2661.590088 2659.053711 2655.173828 2650.177246 2644.346924 2637.917480 2631.440430 2625.202881
2645.302002 2638.108398 2631.012207 2624.521973 2618.474121 2612.964111 2609.082520 2605.344971 2601.740967 2598.313721 2594.790771 2591.730225 2588.366699 2583.737793 2578.541748 2573.126465 2567.635742 2561.926025 2556.381348 2551.626465 2547.223633 2542.926025 2538.468994 2534.199463 2530.087402 2527.441406 2528.286865 2532.586182 2539.230469 2545.925781 2551.652100 2556.926270 2563.796631 2572.596436 2582.348877 2591.227783 2598.765625 2605.631104 2612.749023 2620.216553 2626.756104 2634.748535 2643.178955 2650.218262 2655.161377 2658.107910 2658.646240 2657.364746 2654.572510 2650.447021 2645.195068 2639.388672 2633.361084 2627.223877 2621.584961
