tests/grid_standard/gssha_project/grid_standard.ele
north: 4628776.274445
south: 4623840.136035
east: -1080465.941104
west: -1087825.092688
rows: 493
cols: 735
[rows 432 to 455 of 493, columns 605 to 659 of 735]
2975.187500 2976.028809 2977.532471 2978.915527 2980.952637 2982.907471 2985.019287 2987.563477 2990.649414 2993.680420 2997.454590 3001.611572 3006.062500 3009.929199 3013.541260 3017.449707 3021.685791 3025.498535 3029.898193 3035.508789 3042.335693 3049.577637 3056.320801 3062.135986 3068.321533 3074.865479 3081.958252 3088.849609 3095.082520 3102.457031 3110.504395 3118.054199 3124.856445 3130.832764 3136.073730 3141.614746 3148.236084 3154.954834 3161.542480 3168.126953 3174.856201 3181.270020 3187.803711 3194.524170 3201.620117 3208.114502 3214.260986 3220.313965 3226.775879 3232.853271 3238.333496 3244.856445 3252.270264 3259.974609 3266.937744
2977.137695 2977.948486 2979.779785 2981.651123 2983.688477 2985.828857 2988.036133 2990.743408 2993.343262 2995.981689 2999.362549 3003.781738 3008.710449 3012.995605 3016.537354 3020.562012 3024.748291 3028.606689 3033.399902 3039.055908 3046.406982 3053.443848 3059.957764 3066.157959 3072.548584 3079.266357 3086.014404 3092.668457 3099.042969 3106.010498 3113.727295 3120.810791 3127.208496 3132.262207 3137.357178 3143.159912 3149.607666 3156.742188 3163.470947 3169.585938 3175.058350 3180.677734 3186.939941 3194.315674 3201.184082 3207.444580 3213.507080 3219.983398 3226.327148 3232.477051 3238.667725 3245.603760 3253.460693 3260.961182 3267.375732
2979.591309 2980.448975 2982.439941 2984.397461 2986.330322 2988.514404 2991.121582 2993.952881 2996.635010 2998.771973 3001.878174 3006.135254 3011.274414 3015.458740 3019.292725 3023.419434 3027.465332 3031.705078 3036.712646 3043.121338 3049.959229 3056.547363 3063.138428 3069.805664 3076.192627 3083.042725 3089.604248 3096.437500 3103.381592 3110.822266 3117.986328 3124.591553 3130.380859 3135.729248 3141.127930 3146.944824 3153.569824 3160.302979 3167.271729 3172.459473 3177.027344 3182.094482 3188.293213 3195.568604 3201.899902 3207.482178 3213.754639 3219.886230 3226.071289 3232.152588 3238.418701 3245.633057 3253.685059 3261.127197 3267.353516
2981.773682 2983.248291 2984.788086 2986.824463 2988.996826 2991.536377 2994.401123 2997.359375 2999.918213 3002.317383 3005.312500 3009.076172 3013.470947 3017.495117 3021.395752 3025.598633 3029.640869 3034.356445 3039.941162 3046.457275 3053.109619 3059.626465 3066.581299 3073.218506 3079.633301 3086.123535 3093.275635 3100.994873 3108.222412 3115.404297 3122.358887 3128.522217 3134.194336 3140.029297 3146.169922 3152.274658 3159.174561 3166.171631 3172.235596 3176.747559 3181.094727 3186.183594 3191.832031 3197.922363 3203.204590 3209.281738 3215.310059 3221.627197 3227.478027 3233.046387 3239.063965 3245.948242 3253.602783 3261.007324 3267.115723
2984.050781 2985.262451 2986.779297 2989.076660 2991.917725 2994.740723 2997.675537 3000.753418 3003.559082 3006.201416 3009.329102 3012.590820 3016.455322 3020.169189 3023.860107 3027.878174 3031.815430 3036.943848 3043.187500 3050.026855 3056.377686 3062.812500 3069.702881 3076.220459 3082.768799 3089.759277 3097.618652 3105.598145 3112.997559 3119.833252 3126.199707 3132.244873 3138.482666 3144.916016 3151.630859 3158.271973 3165.155762 3171.815918 3177.045166 3181.384033 3185.789307 3191.166992 3196.579346 3201.694092 3206.934570 3213.107178 3219.131104 3224.714600 3230.142090 3236.105713 3241.776855 3248.983154 3256.484131 3263.042480 3268.757813
2985.575439 2986.674805 2988.821777 2991.629883 2994.748291 2997.998047 3001.077148 3004.147949 3007.235596 3010.276855 3013.403076 3016.983398 3020.349365 3023.802246 3027.146729 3030.701416 3035.025879 3040.822510 3047.149902 3053.662598 3059.814209 3066.034424 3072.418457 3079.364746 3086.334229 3094.276611 3102.574219 3110.548340 3117.520996 3123.967529 3130.141113 3136.336426 3143.095703 3150.406982 3157.396973 3164.124756 3170.738770 3176.488770 3181.398193 3185.924316 3190.607178 3195.621582 3200.822510 3205.803711 3211.826172 3218.577148 3223.889648 3228.286133 3233.632813 3240.548584 3247.238281 3253.989502 3261.224365 3267.787354 3273.359131
2986.691406 2988.068115 2990.783203 2994.076416 2997.404541 3000.848633 3004.039063 3007.229492 3010.612305 3013.886963 3017.428467 3021.581055 3024.678711 3027.604736 3030.928467 3035.018066 3040.048828 3046.072998 3052.105957 3057.579102 3063.111084 3069.380859 3076.005371 3082.893311 3090.566650 3098.850586 3107.349365 3115.111816 3121.863037 3128.032471 3134.286621 3141.192139 3148.321777 3155.950439 3163.086426 3169.797607 3175.412109 3180.544434 3185.254883 3190.159180 3194.830566 3199.572021 3204.828857 3210.882568 3217.451172 3223.284668 3227.489502 3231.522949 3237.187500 3244.622314 3251.853027 3258.834473 3266.282959 3273.585938 3279.951660
2988.123047 2990.122314 2993.273193 2996.529541 3000.138428 3003.465088 3006.876709 3010.512695 3013.809814 3017.647949 3021.712402 3025.236816 3028.304443 3031.381836 3035.119629 3039.766602 3045.342773 3051.262207 3056.555664 3061.883301 3067.237549 3073.551025 3080.227783 3086.923096 3095.070557 3103.701660 3112.062012 3119.329590 3125.446777 3131.982422 3138.908936 3146.244385 3154.016113 3161.706299 3168.666992 3174.508545 3179.608398 3184.339600 3189.175293 3194.260742 3198.918945 3204.089844 3209.943359 3216.222656 3222.305908 3227.196533 3230.991943 3235.024658 3241.137451 3248.087402 3255.253418 3262.372559 3270.668945 3278.845947 3285.425293
2991.158447 2992.822754 2995.915527 2999.226563 3002.505859 3005.800293 3009.545410 3013.270020 3017.088623 3020.939453 3024.739258 3028.281738 3031.287842 3034.935059 3039.568604 3044.950439 3050.406250 3055.667236 3060.804443 3065.939941 3071.892578 3078.199707 3084.436768 3091.303711 3099.765625 3108.559814 3116.449219 3122.961426 3129.101807 3136.126709 3143.830322 3151.608643 3159.578613 3167.046875 3173.254395 3178.480225 3183.435059 3188.074707 3192.849854 3197.571777 3202.523438 3208.756836 3215.372070 3221.334229 3226.459961 3230.795410 3234.923340 3239.184570 3244.391846 3250.646484 3257.526123 3264.952393 3273.827637 3282.591309 3289.678223
2994.367432 2995.679443 2998.281006 3001.407471 3004.645508 3008.176025 3011.997314 3015.818604 3019.636230 3023.873535 3027.465332 3030.956299 3034.143311 3038.477295 3043.857666 3049.200195 3054.292725 3059.476318 3064.624512 3070.395020 3076.366211 3082.110107 3088.145752 3095.357178 3104.298828 3113.146729 3120.156738 3126.646973 3132.947510 3140.800293 3148.980225 3156.798828 3164.550049 3171.585693 3177.413818 3182.243164 3187.160156 3191.787842 3196.408203 3201.203857 3207.195557 3214.023926 3220.479492 3225.683838 3230.295654 3234.414551 3238.913818 3243.531494 3248.345215 3254.438721 3261.031494 3268.042236 3276.333252 3285.022705 3292.067627
2997.847900 2998.531982 3000.661377 3003.208740 3006.799316 3010.501221 3014.461670 3018.277832 3022.475830 3026.473389 3030.181885 3033.484375 3037.145752 3042.219971 3047.476318 3052.596191 3057.579834 3062.844727 3068.561768 3074.321045 3080.180420 3085.538574 3091.848145 3099.534668 3108.611084 3117.058105 3124.049561 3130.315674 3137.687744 3146.020996 3154.054688 3161.722412 3169.030029 3175.744873 3181.238770 3185.980957 3190.892090 3195.520996 3200.180420 3205.367920 3211.970215 3219.287842 3224.872803 3229.394287 3233.916992 3238.689697 3243.409424 3248.817871 3254.371826 3260.299316 3265.788818 3272.294678 3279.837158 3287.710205 3294.489258
3000.182373 3001.556885 3003.339600 3006.045654 3009.383789 3013.089600 3017.135742 3021.320313 3025.390625 3029.717773 3033.154541 3036.560303 3040.725342 3045.757324 3050.769287 3055.373291 3060.329834 3066.068115 3072.004395 3077.817139 3083.329590 3089.023682 3095.612549 3103.764648 3112.948242 3120.864502 3127.805176 3134.614014 3142.538086 3151.229492 3159.314697 3166.574707 3173.644775 3179.560547 3184.775391 3189.831543 3194.624268 3199.309326 3204.486816 3210.781494 3217.675049 3223.875000 3228.809814 3233.070068 3238.191406 3243.496094 3249.132324 3255.050537 3261.081055 3266.685547 3271.781250 3277.694824 3284.394775 3291.308350 3297.516113
3002.537598 3004.569336 3006.950684 3009.632324 3013.220215 3017.062500 3021.382324 3025.507324 3029.566406 3033.755615 3037.492432 3041.090332 3045.201416 3049.983643 3054.625977 3058.666748 3063.067871 3068.965576 3075.187500 3080.755371 3086.621094 3092.693115 3099.802002 3108.301270 3116.928711 3124.962158 3131.968262 3139.624512 3147.771484 3156.353027 3164.354492 3171.415039 3177.811768 3183.202393 3188.129395 3193.402832 3198.421631 3203.611084 3209.230469 3216.030762 3222.619873 3227.911865 3232.528809 3237.710205 3243.400391 3248.968994 3254.823486 3261.217041 3267.282715 3272.711914 3277.948730 3283.972656 3290.559082 3296.081543 3301.861816
3005.882568 3008.323975 3011.255615 3014.353027 3018.132568 3022.398438 3026.687012 3030.655762 3034.870850 3039.150879 3043.499512 3047.474365 3051.476318 3054.893066 3058.679932 3062.250732 3066.554443 3071.913574 3078.172119 3083.794922 3089.563477 3095.852783 3103.813232 3112.420898 3120.902832 3128.759033 3136.202637 3144.583008 3153.233887 3161.484863 3169.331299 3175.711670 3181.423096 3186.812012 3191.971191 3197.113281 3202.269043 3207.846436 3214.313477 3220.781982 3226.730713 3231.733154 3236.864014 3242.747803 3248.682617 3254.539551 3260.422363 3266.532471 3272.354980 3278.342041 3284.102783 3290.593262 3296.533691 3301.301025 3306.881592
3009.260498 3012.246094 3015.586670 3019.436523 3023.402832 3027.551270 3031.648926 3035.896484 3040.824463 3045.829590 3050.263916 3053.794434 3057.203369 3060.322754 3063.776855 3067.187256 3071.244385 3076.042480 3081.131836 3086.937012 3092.684814 3099.688477 3107.770752 3116.136475 3124.471436 3132.541260 3141.082031 3149.986572 3159.039551 3167.241211 3173.991943 3179.670654 3185.333740 3190.954102 3195.817383 3201.010986 3206.408447 3212.686523 3219.115723 3225.338135 3231.032715 3236.341797 3241.898193 3248.071045 3254.002197 3259.649658 3265.395508 3271.133789 3277.220459 3283.628906 3290.205811 3296.735107 3301.816406 3305.752686 3310.031982
3013.003418 3016.045410 3019.817871 3024.102783 3028.241943 3032.229980 3036.157715 3041.252197 3046.688477 3051.757568 3055.600586 3059.032471 3062.340332 3065.923828 3069.317627 3072.985840 3076.562744 3080.564453 3085.096436 3090.003418 3095.990967 3103.362061 3111.592529 3120.149658 3128.646973 3137.503906 3146.708984 3156.266357 3165.118652 3172.358398 3177.961670 3183.479004 3189.122314 3194.500000 3199.805176 3205.339111 3211.440674 3217.807617 3223.864746 3229.768066 3235.532959 3241.060547 3246.940918 3252.997559 3258.370361 3263.571777 3269.030518 3275.179199 3281.640625 3288.595703 3295.849365 3302.052490 3305.688721 3307.107910 0.000000
3016.617188 3020.401123 3024.373535 3028.356201 3032.345459 3036.358887 3041.079346 3046.709961 3052.119873 3056.401611 3060.105713 3063.810791 3067.474121 3071.270752 3075.241943 3079.017822 3082.577148 3085.907715 3089.772705 3094.263916 3099.859619 3106.778564 3114.757813 3123.833984 3133.102295 3143.006836 3152.921631 3162.634766 3170.767578 3176.496338 3181.327148 3186.753174 3192.540283 3198.177490 3203.725830 3209.820801 3216.432861 3222.720459 3228.497314 3234.417969 3240.388916 3246.046387 3251.517578 3256.958252 3261.771484 3266.489258 3272.446533 3279.031006 3285.767578 3292.583008 3299.319092 3304.091064 0.000000 0.000000 0.000000
3020.554199 3024.496094 3028.407227 3032.400635 3036.491455 3041.100098 3046.520996 3052.026611 3056.571045 3060.569092 3064.490967 3068.506348 3072.809082 3076.829590 3080.591064 3084.706055 3088.502441 3092.146729 3095.753906 3100.001221 3104.729492 3110.700439 3118.722168 3128.220703 3138.496826 3149.164795 3159.300293 3168.204834 3174.806396 3179.825439 3184.737549 3190.615234 3196.395996 3201.791748 3207.510742 3214.476318 3220.911865 3226.971191 3233.057861 3239.520508 3245.591309 3251.011719 3255.837158 3260.614502 3265.233154 3270.031006 3275.926514 3282.648438 3289.240723 3294.764893 3299.374756 0.000000 0.000000 0.000000 0.000000
3024.486084 3028.435791 3032.010010 3036.214844 3040.874512 3045.922852 3051.323486 3056.300293 3060.812256 3064.962402 3069.283936 3073.585449 3077.695313 3081.989258 3085.930176 3090.263916 3094.738525 3098.681641 3102.703125 3106.907227 3111.051270 3116.189941 3123.866943 3133.652588 3144.946289 3155.474121 3165.216064 3172.815186 3177.822754 3182.565186 3188.275635 3194.195557 3199.812500 3205.227783 3212.000244 3219.045410 3225.480713 3231.554443 3237.930908 3244.870117 3250.589111 3255.548584 3260.280029 3264.941895 3269.368652 3274.094238 3279.785156 3286.118896 3291.529297 3294.860107 0.000000 0.000000 0.000000 0.000000 0.000000
3028.371094 3032.083252 3036.008545 3040.488281 3045.239990 3050.275146 3055.304199 3060.397705 3065.197510 3069.650879 3074.057861 3078.465820 3082.994141 3087.287354 3091.708984 3096.577148 3101.191650 3105.722412 3110.064941 3113.854736 3117.501465 3121.970703 3129.759766 3140.511963 3151.559082 3161.299072 3169.505371 3175.725830 3180.500488 3185.291992 3191.409424 3197.474609 3203.248535 3209.626465 3216.757324 3223.873291 3230.072510 3236.363281 3243.203857 3250.177490 3255.420898 3260.376465 3265.243408 3269.744629 3274.145752 3278.874512 3284.333008 3289.413818 3293.372070 0.000000 0.000000 0.000000 0.000000 0.000000 0.000000
3032.930664 3036.696045 3040.857422 3045.294189 3049.958252 3054.574463 3059.394775 3064.707520 3070.029053 3074.366455 3078.538574 3082.873047 3088.171143 3093.165039 3098.070313 3103.104248 3107.747803 3112.176270 3116.434570 3120.323242 3124.117188 3129.377441 3137.575439 3147.921631 3158.147217 3166.333496 3172.863770 3178.119629 3182.672607 3188.342285 3194.769287 3201.280029 3207.644043 3214.464111 3221.701416 3228.599854 3234.938232 3241.753906 3248.541504 3254.764160 3259.995605 3265.239258 3270.076660 3274.346680 3278.695557 3283.660400 3288.675781 3292.724854 3295.194580 0.000000 0.000000 0.000000 0.000000 0.000000 0.000000
3038.760010 3042.836182 3046.841309 3051.143555 3054.899902 3059.027588 3063.814941 3069.634521 3074.659180 3078.635254 3083.012695 3087.815918 3093.444824 3098.963379 3104.311523 3109.482422 3113.887939 3118.052734 3122.276611 3126.860352 3132.220215 3138.793701 3146.390625 3154.924561 3163.100830 3170.208008 3175.685059 3180.506104 3185.396729 3191.369385 3198.083252 3205.168457 3212.154053 3219.597412 3226.765869 3233.408691 3240.282715 3247.291504 3253.575928 3259.173340 3264.434570 3269.566162 3274.302979 3278.788086 3282.968262 3287.917969 3292.202637 3294.844727 0.000000 0.000000 0.000000 0.000000 0.000000 0.000000 0.000000
3045.461670 3049.728271 3053.669922 3057.213623 3060.419434 3063.814697 3068.796387 3074.306152 3078.798340 3082.370850 3087.097656 3092.819092 3098.977295 3104.471436 3109.799805 3115.135010 3119.689209 3124.062256 3129.204102 3135.051514 3141.658203 3148.081543 3154.355469 3161.093750 3167.745361 3173.554443 3178.866455 3183.090820 3188.137207 3194.397217 3201.564209 3209.687256 3217.159668 3224.492676 3231.453613 3238.326172 3245.450195 3252.036621 3258.165771 3263.150635 3268.263428 3273.412109 3278.258789 3282.645020 3287.124756 3291.500977 3294.471436 0.000000 0.000000 0.000000 0.000000 0.000000 0.000000 0.000000 0.000000
3051.887695 3055.879883 3059.776611 3062.896973 3066.014893 3069.559570 3073.725830 3078.377930 3082.276855 3085.916992 3091.083008 3097.326172 3103.654541 3109.561523 3115.320557 3120.648682 3125.712158 3131.155273 3137.412842 3144.202881 3150.525635 3156.157715 3161.656494 3167.145508 3172.558350 3177.289551 3181.970459 3186.014648 3191.059814 3197.659912 3205.677490 3214.016357 3221.858643 3228.929199 3235.899170 3243.138184 3250.144043 3256.637695 3262.221191 3267.264160 3271.998291 3276.912109 3281.980469 3286.475098 3290.595215 3294.022949 0.000000 0.000000 0.000000 0.000000 0.000000 0.000000 0.000000 0.000000 0.000000
