tests/grid_standard/gssha_project/grid_standard.ele
north: 4628776.274445
south: 4623840.136035
east: -1080465.941104
west: -1087825.092688
rows: 493
cols: 735
[rows 216 to 239 of 493, columns 660 to 714 of 735]
2800.103027 2807.204102 2813.271973 2819.182373 2826.080322 2832.972168 2839.560547 2847.115479 2856.485596 2865.387695 2872.191650 2877.752686 2883.534424 2889.829590 2894.969727 2899.859375 2905.491699 2912.125000 2919.036865 2926.638428 2933.508545 2939.883057 2945.572510 2951.441406 2957.647949 2963.340820 2968.267822 2973.511475 2979.522217 2985.788086 2991.591064 2997.530273 3003.282471 3009.268311 3014.813477 3020.916016 3027.690918 3034.421387 3040.802246 3046.669189 3051.633789 0.000000 0.000000 0.000000 0.000000 0.000000 0.000000 0.000000 0.000000 0.000000 0.000000 0.000000 0.000000 0.000000 0.000000
2801.247803 2808.465332 2814.500977 2820.191895 2826.848633 2833.589844 2839.954590 2847.219238 2856.724121 2865.443604 2872.291260 2877.433594 2883.535156 2889.136719 2894.254883 2899.359375 2904.964355 2911.059082 2917.827148 2925.074219 2932.133301 2938.951172 2944.770264 2950.826416 2956.773193 2962.777588 2968.085693 2973.712402 2979.674561 2985.756836 2991.440918 2997.235107 3002.711670 3008.072266 3013.391113 3019.862061 3026.915771 3034.101318 3040.468018 3046.980713 3053.538330 0.000000 0.000000 0.000000 0.000000 0.000000 0.000000 0.000000 0.000000 0.000000 0.000000 0.000000 0.000000 0.000000 0.000000
2802.345703 2809.409912 2815.138428 2821.164551 2827.691895 2834.068359 2840.381104 2847.867432 2856.814941 2865.544922 2871.945068 2877.195557 2882.705811 2888.483398 2893.741211 2898.743652 2904.029053 2909.787109 2916.372070 2923.258545 2930.610596 2937.506104 2943.917236 2950.136963 2956.418701 2962.409668 2967.924805 2973.618164 2979.697266 2985.328613 2991.348633 2996.997803 3002.376709 3007.338623 3013.076416 3019.721680 3026.687500 3033.774902 3040.596680 3047.487061 3054.647217 3060.718506 0.000000 0.000000 0.000000 0.000000 0.000000 0.000000 0.000000 0.000000 0.000000 0.000000 0.000000 0.000000 0.000000
2803.123291 2809.485840 2815.679688 2821.514893 2827.884277 2834.215576 2840.668945 2847.789307 2856.647705 2865.575195 2871.604004 2876.546387 2882.273438 2887.854004 2893.037109 2897.853027 2903.212646 2908.631104 2914.317627 2920.916504 2928.899414 2936.020752 2942.541260 2949.366455 2956.047363 2962.364990 2968.080078 2973.660645 2979.344971 2985.566650 2991.503906 2997.191650 3002.613281 3007.611328 3013.238770 3020.112549 3027.524414 3034.552490 3041.670654 3048.394775 3055.491943 3062.060791 0.000000 0.000000 0.000000 0.000000 0.000000 0.000000 0.000000 0.000000 0.000000 0.000000 0.000000 0.000000 0.000000
2803.580566 2809.377197 2815.671143 2821.756348 2827.699951 2834.037842 2840.382568 2847.615723 2855.803955 2864.068115 2870.475586 2875.638428 2880.790039 2886.829102 2892.170410 2897.451416 2902.508301 2907.515381 2912.757568 2919.542969 2926.710693 2934.263672 2941.647461 2948.487793 2955.358643 2961.647705 2967.935547 2973.512207 2979.395264 2985.795654 2991.413330 2997.233887 3002.584229 3007.844971 3014.100586 3021.395264 3028.723633 3035.827637 3042.780029 3049.933594 3055.994629 3062.398193 3069.064697 0.000000 0.000000 0.000000 0.000000 0.000000 0.000000 0.000000 0.000000 0.000000 0.000000 0.000000 0.000000
2803.608154 2809.111572 2814.927246 2821.135742 2827.321777 2833.357666 2839.939209 2846.425537 2854.363037 2862.527100 2869.171143 2874.607666 2880.022949 2885.404541 2891.102783 2896.205566 2901.333740 2906.462158 2911.835449 2918.051758 2925.171143 2932.602783 2940.084717 2947.361816 2954.112305 2961.185547 2967.278809 2973.438965 2979.553711 2985.522705 2991.507568 2997.405762 3002.836182 3008.593506 3015.532471 3023.024658 3030.012939 3037.156250 3044.522217 3051.222412 3056.629150 3062.746094 3069.981201 0.000000 0.000000 0.000000 0.000000 0.000000 0.000000 0.000000 0.000000 0.000000 0.000000 0.000000 0.000000
2802.457520 2807.932373 2813.630615 2819.898193 2826.326660 2832.512207 2838.720947 2845.140625 2852.508545 2860.497070 2867.623047 2873.318604 2878.439941 2884.173340 2889.981445 2895.265381 2900.263672 2905.391602 2910.755371 2916.674561 2923.823975 2931.061768 2938.891846 2946.361816 2953.452881 2960.200195 2966.971436 2973.041016 2979.095459 2985.244141 2991.726807 2997.689209 3003.528076 3009.466064 3016.530029 3024.260986 3031.403320 3038.826172 3045.902344 3051.787109 3057.133545 3062.920410 3069.833740 3076.209229 0.000000 0.000000 0.000000 0.000000 0.000000 0.000000 0.000000 0.000000 0.000000 0.000000 0.000000
2801.345703 2806.337402 2812.108398 2818.606689 2825.176025 2831.490723 2837.770264 2843.934326 2850.616211 2858.290039 2865.671143 2871.945557 2876.990234 2882.624268 2888.653320 2894.034180 2898.671387 2904.123779 2909.835449 2916.538330 2922.887939 2930.148438 2937.910400 2945.294434 2952.572266 2959.895264 2966.527832 2972.694824 2978.771240 2985.369141 2991.650635 2998.246338 3004.250488 3010.933350 3017.763428 3025.392090 3032.222900 3039.089111 3045.841064 3051.276611 3056.172363 3062.058838 3069.203857 3075.973389 0.000000 0.000000 0.000000 0.000000 0.000000 0.000000 0.000000 0.000000 0.000000 0.000000 0.000000
2799.826904 2804.390381 2810.292236 2817.173096 2823.721680 2830.002441 2836.282715 2842.576416 2849.310059 2856.450195 2864.293457 2870.857910 2875.882568 2881.145264 2887.347412 2892.560059 2897.578125 2902.760498 2908.968506 2915.596191 2922.509033 2929.572266 2936.906738 2944.540771 2951.394287 2958.720215 2965.791992 2971.756836 2977.954346 2984.891846 2991.575684 2997.875488 3004.622070 3011.409180 3018.423584 3025.130127 3032.296875 3038.986816 3044.655762 3049.887939 3055.178955 3061.053467 3067.939209 3075.111084 3081.843018 0.000000 0.000000 0.000000 0.000000 0.000000 0.000000 0.000000 0.000000 0.000000 0.000000
2798.442139 2802.527344 2807.809082 2814.365967 2821.279053 2828.427979 2834.916260 2841.169434 2847.538086 2854.732178 2862.558350 2868.843750 2874.145264 2879.666260 2885.877930 2891.503418 2896.244629 2901.592529 2907.721191 2914.571777 2921.393066 2928.843262 2936.445313 2943.728027 2950.218018 2957.474854 2964.535400 2970.772705 2977.003418 2983.793945 2990.992188 2997.364014 3004.089355 3011.242676 3018.169678 3024.386719 3030.990723 3037.230713 3042.739746 3047.706055 3053.120117 3059.696289 3066.634766 3073.147705 3080.146729 0.000000 0.000000 0.000000 0.000000 0.000000 0.000000 0.000000 0.000000 0.000000 0.000000
2796.899414 2800.767090 2805.833008 2811.840332 2819.208496 2826.588135 2833.135254 2839.608887 2845.788330 2853.101807 2860.492920 2867.367432 2872.897217 2878.686035 2884.429688 2890.219971 2895.095703 2900.030762 2906.440430 2913.631592 2920.707275 2927.966309 2935.946777 2942.875732 2949.065674 2955.704346 2962.518799 2968.973145 2975.378906 2982.228027 2989.610840 2996.268311 3002.656982 3009.578125 3016.659912 3022.613281 3029.070557 3034.735596 3039.795166 3044.714844 3050.524658 3057.361572 3064.074707 3071.000488 3078.048584 3085.128662 0.000000 0.000000 0.000000 0.000000 0.000000 0.000000 0.000000 0.000000 0.000000
2795.619385 2799.167236 2803.861084 2809.629883 2816.999512 2824.861572 2831.927979 2838.142090 2844.302246 2851.603271 2859.053467 2865.540039 2871.339111 2877.112793 2882.847412 2888.559326 2893.702637 2899.071289 2905.186768 2911.897217 2918.861328 2926.747803 2934.662842 2941.573242 2947.646729 2953.843018 2960.308105 2966.848877 2972.881104 2980.380127 2987.422119 2994.039307 3000.128662 3006.955078 3014.121338 3020.929443 3026.299805 3031.978271 3037.018311 3042.114014 3048.115479 3054.552734 3061.474609 3068.023193 3074.937012 3082.152100 3087.866943 0.000000 0.000000 0.000000 0.000000 0.000000 0.000000 0.000000 0.000000
2794.171631 2798.156494 2802.513672 2807.686035 2814.400391 2822.573975 2830.214111 2836.662842 2842.628174 2849.835449 2857.194092 2863.940918 2869.432129 2875.569824 2881.389648 2887.162354 2892.258545 2897.693848 2903.782471 2910.286621 2917.447021 2925.327393 2933.565186 2940.751221 2946.432129 2951.976807 2957.957764 2964.014160 2970.622803 2977.985596 2984.681641 2990.710205 2996.989258 3003.623779 3010.789795 3017.510986 3023.750000 3029.343994 3034.270996 3039.479492 3045.706299 3052.212891 3058.606689 3065.446289 3072.119141 3079.183594 3085.384766 0.000000 0.000000 0.000000 0.000000 0.000000 0.000000 0.000000 0.000000
2793.029541 2797.322754 2801.529297 2806.133789 2812.939209 2820.851074 2828.638184 2834.829102 2840.654053 2847.576660 2855.076904 2861.807617 2867.953369 2874.163086 2879.910645 2885.672119 2891.125977 2896.461670 2902.416992 2908.610840 2915.927979 2923.920654 2931.960938 2938.932617 2945.000977 2950.281738 2955.910400 2961.683350 2967.649170 2974.194824 2980.999268 2987.256104 2993.457031 2999.474854 3006.907715 3014.009766 3020.548828 3026.190918 3031.523682 3036.844727 3042.778564 3049.532715 3056.310547 3062.733643 3069.334229 3076.461914 3083.232422 3088.546387 0.000000 0.000000 0.000000 0.000000 0.000000 0.000000 0.000000
2792.045166 2796.115234 2800.840332 2805.163818 2811.409912 2819.071533 2826.834961 2833.267578 2839.185303 2845.507324 2852.701416 2859.425781 2866.062256 2872.252930 2878.431641 2884.192627 2889.550781 2895.155029 2901.050537 2907.129883 2914.155518 2922.263672 2930.259033 2936.721680 2942.589844 2948.147705 2953.453369 2959.003906 2964.758301 2970.657227 2976.717285 2983.070801 2989.410889 2995.370605 3002.032715 3009.462891 3016.910400 3023.385986 3029.198975 3034.277588 3040.487793 3046.938232 3053.901367 3060.408203 3066.878174 3073.627441 3080.273438 3086.706055 3091.864746 0.000000 0.000000 0.000000 0.000000 0.000000 0.000000
2791.244385 2795.727295 2800.175537 2804.744629 2810.684326 2817.972900 2825.423584 2831.812988 2837.552979 2843.624512 2850.023682 2857.007568 2864.019287 2870.583740 2876.922363 2882.701660 2888.223145 2893.898438 2899.609375 2905.492676 2912.303955 2920.231201 2927.968506 2934.144287 2939.792725 2945.424561 2950.941650 2956.364014 2961.774902 2967.555176 2973.070801 2978.954102 2985.088623 2991.191650 2997.340820 3004.920654 3012.597168 3019.717773 3026.349121 3032.353271 3038.203857 3044.872070 3051.274414 3058.310059 3064.870605 3070.871338 3077.575195 3084.892090 3091.790039 3097.518555 0.000000 0.000000 0.000000 0.000000 0.000000
2790.830811 2795.560547 2799.891357 2804.879395 2810.515381 2817.262207 2824.083008 2830.350098 2836.105713 2841.783936 2847.988037 2854.620361 2862.127930 2869.285156 2875.282227 2881.236816 2887.047852 2892.649658 2897.901367 2903.651367 2910.017090 2917.770508 2925.388916 2931.458984 2936.783936 2942.350342 2948.251953 2954.152100 2959.462158 2964.579590 2969.963623 2975.425781 2981.144043 2987.250000 2993.495361 3000.611328 3008.326660 3016.344482 3023.946777 3030.526611 3036.821777 3043.072510 3049.911865 3056.800049 3063.376221 3068.737061 3075.005615 3082.585938 3090.617432 3097.224854 3102.237793 3106.118164 3110.165039 0.000000 0.000000
2791.204102 2795.843994 2800.085205 2804.484619 2810.147217 2816.327148 2822.809082 2829.034180 2834.702393 2840.380615 2846.024170 2852.195068 2859.677734 2866.806152 2873.371094 2879.703125 2885.510498 2891.119873 2896.083252 2901.723145 2908.177979 2914.797363 2921.798340 2928.202637 2933.799805 2939.356201 2945.468018 2951.679688 2957.450684 2962.315186 2967.527588 2972.416748 2978.708008 2984.744629 2991.255127 2998.834961 3006.631104 3014.489990 3022.130615 3029.579590 3035.982422 3042.202637 3048.885010 3055.576416 3061.528564 3066.953613 3073.172607 3080.788330 3088.486572 3095.709473 3100.738770 3104.947754 3108.896729 3113.805908 0.000000
2791.821777 2796.651855 2800.505859 2804.813232 2810.024170 2815.898438 2821.926025 2828.269287 2833.958984 2838.947754 2844.075684 2850.239502 2856.764893 2863.915527 2870.848389 2877.478027 2883.563721 2888.843994 2894.270996 2899.692627 2905.574219 2911.372803 2917.933594 2924.955322 2931.114502 2936.184814 2942.110840 2948.929932 2955.320557 2960.854980 2966.267578 2971.552246 2977.452148 2983.822266 2991.146240 2999.484131 3007.041260 3014.732666 3022.211914 3029.011230 3035.687744 3041.857422 3047.964600 3054.662354 3060.703857 3065.815918 3071.657227 3079.077881 3086.863770 3093.974121 3099.322510 3104.121582 3108.835449 3114.252686 3119.853760
2792.548096 2797.575195 2801.363525 2805.866699 2810.420898 2815.941406 2821.427490 2827.439697 2832.943848 2837.768799 2842.392578 2847.797119 2853.936523 2860.801758 2867.790771 2874.936768 2881.225830 2887.003418 2892.082764 2897.403076 2903.159668 2908.542969 2914.485352 2921.570557 2928.156738 2933.842773 2939.362549 2946.631104 2953.837891 2960.472656 2966.184570 2971.683594 2977.500977 2984.269287 2992.580566 3001.114502 3008.787842 3015.980469 3023.132324 3029.615967 3035.602051 3042.059082 3048.583496 3054.593018 3060.505127 3065.469727 3071.198242 3077.997070 3085.626221 3092.466553 3098.283447 3103.537109 3108.735840 3115.245605 3122.047363
2793.451904 2798.468750 2802.868896 2807.322998 2811.587891 2816.156494 2821.426270 2826.816650 2832.060059 2836.666992 2841.244873 2846.345215 2852.082275 2857.777344 2864.631104 2871.953369 2879.083252 2884.712891 2890.265625 2895.343750 2900.468750 2905.544922 2911.515625 2918.924805 2925.915283 2932.045654 2937.927490 2945.847412 2953.966064 2960.875732 2966.418945 2971.822754 2977.497070 2984.853516 2993.704102 3002.499023 3010.425537 3017.590332 3024.225342 3030.315918 3036.153564 3042.703857 3049.612061 3055.441650 3060.270752 3065.411865 3071.164063 3078.337402 3085.434082 3091.907227 3097.846680 3103.355713 3109.237061 3116.156250 3124.293945
2793.986572 2799.262695 2804.129639 2808.231689 2812.336182 2816.479980 2821.306641 2826.448486 2831.305664 2835.919678 2840.558105 2845.340576 2850.463867 2855.524902 2861.758789 2868.854004 2876.220459 2882.781494 2888.679688 2893.822754 2898.837402 2903.642090 2909.727295 2917.580566 2925.066162 2931.527344 2938.418213 2946.516846 2954.580322 2961.109131 2966.703613 2972.429199 2978.264404 2985.597412 2994.330322 3003.632813 3011.940430 3018.795898 3025.276367 3031.097656 3037.112305 3043.911865 3050.656494 3056.152588 3061.022949 3066.145752 3072.015625 3078.889893 3085.882324 3091.964600 3098.294434 3103.832275 3110.049561 3117.388428 3125.618652
2793.546875 2799.414063 2804.594238 2808.948730 2812.662598 2816.442871 2820.934814 2825.742188 2830.555908 2835.013672 2839.840332 2844.378418 2849.212158 2854.268311 2860.178467 2866.931641 2874.695801 2881.393799 2887.348389 2892.918945 2897.925537 2902.931885 2909.947021 2917.856934 2925.512939 2932.097656 2939.256592 2947.541748 2955.141113 2961.139404 2966.602539 2972.397461 2978.492676 2985.401123 2994.231934 3003.487549 3012.198486 3019.648926 3025.752197 3031.859131 3038.285889 3045.546387 3051.646484 3057.166992 3062.227539 3067.915771 3074.116211 3080.411865 3086.707764 3093.290283 3099.179443 3104.954346 3111.411377 3118.632813 3126.256836
2792.472412 2798.098877 2803.914307 2808.727783 2812.591309 2816.294678 2820.620850 2825.558838 2830.086914 2834.437256 2839.344238 2843.806396 2848.485596 2853.517822 2860.091797 2867.145752 2873.815186 2880.509766 2886.963623 2892.827148 2897.488770 2902.808105 2909.749023 2918.098145 2926.038574 2932.915771 2940.351074 2948.336670 2955.257568 2960.696289 2966.028564 2972.206055 2978.107666 2984.709229 2993.577881 3003.454834 3012.578369 3019.983887 3026.431152 3032.668945 3039.208496 3046.871094 3053.102051 3058.202637 3063.398682 3069.660645 3076.019775 3081.899902 3088.069580 3094.369141 3100.773193 3106.876221 3112.888184 3119.948486 3127.364502
