tests/grid_standard/gssha_project/grid_standard.ele
north: 4628776.274445
south: 4623840.136035
east: -1080465.941104
west: -1087825.092688
rows: 493
cols: 735
[rows 192 to 215 of 493, columns 550 to 604 of 735]
2512.914551 2515.664551 2518.556885 2521.709961 2524.338379 2526.116455 2528.731689 2532.590088 2537.005615 2539.945313 2542.392090 2545.734131 2548.983887 2551.094727 2553.134521 2555.791016 2558.675781 2561.197754 2562.877930 2564.160156 2565.503418 2567.122070 2568.680908 2570.002197 2571.057373 2571.673340 2572.120117 2572.746582 2573.531250 2575.125488 2577.717529 2580.776611 2583.252686 2585.250000 2586.744141 2588.410400 2589.674072 2590.729736 2591.895508 2592.951172 2594.110596 2595.148193 2596.251709 2597.306396 2598.611816 2600.741943 2603.140625 2605.263184 2607.400391 2609.385498 2611.473145 2613.760498 2615.759277 2617.672363 2619.613281
2514.616943 2516.971680 2519.189209 2521.222656 2523.258545 2525.167236 2527.574707 2530.873291 2534.681641 2538.231934 2541.322998 2544.944824 2548.412598 2550.846436 2553.275879 2556.283447 2559.595459 2562.068848 2563.543213 2564.856445 2566.367432 2568.358643 2570.261230 2571.752197 2572.876221 2573.417236 2573.818604 2574.188965 2575.032715 2576.534668 2579.033936 2581.768066 2583.955566 2585.832520 2587.986572 2589.944092 2591.670898 2593.036133 2594.483398 2595.648926 2596.646729 2597.647705 2598.703369 2599.776367 2601.333496 2603.412842 2605.811768 2608.054199 2609.780029 2611.403564 2613.341309 2615.462891 2617.377441 2619.409180 2621.426025
2518.722656 2520.804688 2522.878662 2524.172852 2525.320801 2526.212891 2527.695068 2529.517822 2532.528809 2536.038330 2539.506348 2543.257813 2546.733643 2549.671387 2552.694092 2556.016602 2559.481689 2562.162598 2563.959717 2565.348145 2567.159424 2569.321289 2571.749268 2573.295410 2574.367676 2574.995605 2575.547852 2576.258545 2577.133789 2578.782227 2580.879883 2583.072021 2584.896973 2587.141846 2589.433350 2591.717529 2594.012451 2595.714844 2597.218506 2598.330322 2599.192627 2600.193359 2601.490234 2602.899658 2604.649170 2606.712646 2608.862305 2610.541504 2612.211182 2613.846191 2615.522705 2617.410889 2619.323486 2621.396973 2623.432373
2524.110107 2525.845215 2527.087402 2528.280029 2529.027588 2529.528564 2530.486084 2531.689697 2532.637207 2534.466553 2537.312744 2540.496582 2544.152100 2547.885742 2551.291748 2555.012451 2558.689453 2561.667969 2563.596924 2565.354980 2567.309082 2569.993896 2572.537598 2574.197266 2575.405273 2576.320068 2576.936523 2577.820557 2579.038086 2580.907959 2582.899658 2584.872559 2586.576172 2588.625488 2591.369141 2594.098877 2596.405273 2598.064941 2599.437256 2600.342285 2601.613281 2602.934814 2604.336670 2606.005371 2607.739502 2609.779297 2611.486328 2612.875732 2614.289307 2615.910645 2617.721191 2619.461914 2621.481201 2623.461426 2625.445068
2529.814941 2530.798096 2531.836914 2532.771484 2533.204346 2533.312744 2533.564209 2533.778320 2534.123779 2534.828613 2535.958008 2537.709961 2541.004150 2545.086670 2549.257568 2553.245117 2557.290283 2560.940918 2563.078857 2564.891846 2567.202148 2569.965088 2572.500977 2574.375488 2575.683350 2576.626709 2577.697998 2578.877197 2580.523193 2582.518311 2584.683350 2586.588623 2588.269531 2590.688477 2593.738525 2596.327637 2598.294189 2599.833496 2601.010498 2602.045410 2603.521240 2605.225586 2607.049561 2608.826172 2610.390625 2611.972656 2613.376465 2614.875732 2616.269043 2617.916992 2619.759766 2621.541016 2623.422119 2625.526611 2627.284424
2536.050049 2536.465332 2536.962891 2537.292725 2537.382568 2537.447754 2537.109619 2536.502686 2536.332520 2536.510010 2536.030029 2536.511963 2538.865967 2542.620361 2546.789795 2550.680908 2554.622559 2558.535645 2561.752197 2563.972412 2566.414307 2569.595459 2572.324707 2574.148926 2575.245117 2576.276611 2577.193359 2578.905273 2581.316162 2583.632080 2586.083984 2587.906982 2589.960693 2592.711182 2595.604492 2598.150146 2599.759766 2600.705078 2601.875244 2603.305664 2605.010742 2607.094971 2609.115723 2610.805908 2612.093750 2613.384277 2614.896729 2616.290039 2617.996338 2619.776855 2621.560059 2623.358887 2625.116211 2627.382080 2629.420898
2542.009766 2542.057129 2542.298584 2542.286377 2542.121338 2541.792480 2540.926025 2540.161865 2539.415771 2539.308350 2538.614990 2538.044189 2539.271729 2542.291260 2545.528320 2548.443848 2551.912842 2555.793945 2559.295410 2562.118408 2564.574951 2567.560547 2570.584961 2572.730713 2574.252930 2575.476807 2576.693604 2578.476318 2580.899902 2584.099854 2586.491455 2588.420410 2590.523438 2593.496826 2596.638184 2598.927002 2600.078857 2601.198486 2602.344482 2604.075439 2606.220215 2608.331787 2610.263428 2611.899414 2613.007813 2614.416992 2615.976318 2617.830078 2619.515137 2621.387939 2623.130371 2625.033203 2626.927734 2629.188477 2631.420410
2547.638184 2547.968262 2547.900391 2547.866455 2547.645996 2546.656006 2545.641846 2544.618896 2543.791260 2543.087891 2542.439697 2542.414795 2542.859619 2544.387207 2546.358887 2547.652100 2549.400635 2552.337158 2555.849121 2559.179199 2562.099854 2564.673096 2567.502930 2570.099121 2571.925293 2573.739014 2575.274414 2577.337402 2580.039795 2583.391357 2586.274170 2588.103271 2590.347656 2593.233643 2596.311523 2598.355713 2599.900391 2600.896729 2602.108643 2603.980957 2606.520752 2609.083496 2611.098877 2612.420410 2613.666504 2615.035889 2616.949219 2618.934570 2620.963135 2622.818359 2624.702148 2626.545898 2628.687500 2631.153076 2633.251221
2552.650879 2553.038818 2553.076416 2552.807617 2552.460205 2551.890381 2550.939697 2549.757324 2548.308350 2547.412598 2546.526367 2546.220215 2546.261719 2547.031982 2547.716797 2548.194824 2548.874756 2550.129883 2552.895996 2555.895508 2558.703613 2561.167236 2563.728271 2566.267090 2568.885254 2571.094727 2573.151855 2575.400879 2578.173096 2581.282959 2584.157471 2586.621094 2588.934082 2591.767578 2594.387939 2596.839600 2598.624756 2599.818848 2601.043213 2603.068115 2605.727783 2608.672119 2610.877930 2612.375000 2613.610352 2615.341309 2617.418213 2619.826416 2621.927734 2624.056641 2625.818359 2627.950439 2630.154541 2632.773438 2634.968018
2557.870605 2558.101563 2558.002441 2557.518555 2556.956299 2556.329834 2555.301514 2554.051758 2552.650879 2551.463623 2550.369141 2549.697510 2549.604736 2549.649170 2549.700684 2549.607422 2549.916016 2550.659180 2552.251709 2554.224854 2556.272705 2558.048340 2560.101563 2562.228027 2564.527100 2567.357178 2569.991455 2572.709473 2575.505615 2578.523682 2581.493896 2584.214844 2586.781738 2589.125244 2591.505615 2593.829346 2595.921387 2597.618896 2599.228760 2601.314453 2604.545898 2607.561523 2610.073486 2611.749756 2613.261230 2615.262451 2617.850830 2620.460449 2622.789551 2624.843506 2626.786133 2629.064209 2631.667236 2634.079834 2636.524658
2562.494385 2562.965576 2562.851807 2562.324707 2561.346680 2560.730225 2559.512207 2558.368408 2556.957031 2555.482910 2554.344727 2553.533203 2553.167236 2553.120850 2553.283691 2553.175781 2553.238525 2553.667725 2554.343506 2555.131836 2555.825684 2556.836914 2558.066162 2559.570313 2561.443115 2563.601318 2566.044434 2568.989746 2572.008301 2574.800049 2577.973145 2580.913330 2583.539551 2586.062500 2588.336914 2590.574219 2592.743408 2594.854248 2596.974121 2599.542236 2602.476318 2605.681885 2608.283447 2610.641602 2612.668945 2615.015869 2617.865479 2620.780762 2623.269287 2625.262695 2627.395752 2630.021973 2632.786865 2635.332764 2637.818115
2567.459229 2568.121826 2568.031250 2567.601318 2566.538818 2565.672119 2564.551514 2563.386475 2561.653076 2560.272949 2559.158447 2557.671875 2557.038818 2556.881104 2556.855713 2556.991699 2557.149414 2557.374023 2557.691895 2558.075684 2558.194824 2558.153076 2558.519775 2559.012207 2559.684082 2561.032471 2563.232422 2565.550781 2568.269287 2571.048584 2573.850586 2576.621094 2579.608154 2582.273438 2584.914307 2587.239014 2589.515625 2591.723633 2594.281982 2596.967285 2599.904541 2603.153076 2606.213135 2609.165527 2611.554932 2614.260742 2617.379395 2620.583984 2623.285156 2625.377441 2627.678711 2630.780273 2633.677979 2636.282471 2639.242188
2573.073242 2573.496582 2573.576904 2573.083496 2572.450684 2571.600830 2570.247070 2568.633301 2566.914795 2565.431152 2563.657227 2561.953613 2561.091064 2560.992188 2561.139160 2560.987793 2561.015137 2560.871582 2560.635742 2560.569580 2560.447510 2560.385010 2560.571777 2560.937256 2561.541016 2561.985352 2563.124023 2564.662109 2566.073242 2567.910156 2570.568604 2573.147949 2575.545410 2578.229492 2580.852295 2583.457520 2585.922119 2588.155029 2590.725830 2593.895508 2597.266113 2600.499268 2603.722412 2607.257568 2610.079346 2612.969727 2616.300049 2619.717529 2622.428223 2624.716797 2627.571045 2631.129395 2634.495361 2637.429443 2640.688232
2578.556641 2578.615479 2579.014648 2578.928223 2578.658691 2577.633789 2576.406006 2574.902832 2572.618164 2570.300049 2568.635986 2566.969727 2565.743164 2565.518311 2565.417480 2565.314941 2564.879395 2564.528564 2564.061279 2563.811523 2563.558350 2563.535400 2563.449219 2563.817871 2564.324463 2565.032227 2565.835205 2567.031250 2568.005615 2568.959961 2570.104004 2571.525146 2572.857422 2574.443115 2577.160889 2580.046143 2582.612793 2584.627930 2587.286621 2590.466797 2594.030029 2597.548828 2601.077148 2604.588379 2607.972412 2611.156494 2614.637207 2618.197998 2620.948242 2623.465820 2627.051025 2631.476318 2635.250000 2638.315918 2641.777344
2583.389648 2583.977539 2584.133301 2584.388672 2584.118652 2583.342041 2582.054932 2580.402344 2578.436279 2576.354736 2574.246338 2572.510010 2571.389648 2570.573242 2570.095459 2569.616943 2568.881836 2568.339600 2567.568359 2567.261475 2567.392578 2567.705322 2567.959717 2568.641846 2568.852539 2569.486572 2569.948730 2570.227783 2570.579590 2570.956787 2571.608887 2572.272217 2573.089111 2574.213379 2576.007813 2578.582031 2580.716553 2582.294189 2584.389893 2587.451416 2591.016846 2594.744873 2598.387939 2602.020508 2605.634033 2609.472900 2613.073730 2616.513672 2619.612549 2622.681396 2626.776611 2631.798096 2635.663086 2638.864502 2642.512695
2588.908447 2589.316895 2589.587891 2589.854004 2589.604004 2589.060059 2588.179443 2586.539063 2584.703613 2582.466309 2580.457275 2578.628174 2577.076904 2576.027344 2575.179932 2574.050537 2573.117920 2572.059082 2571.201660 2571.092529 2571.370850 2571.819580 2572.623047 2572.766113 2573.415771 2573.633789 2573.754883 2573.792480 2573.554932 2573.733398 2573.818604 2574.215332 2574.567627 2575.656738 2577.354004 2579.290771 2581.160400 2582.678223 2584.089355 2585.940430 2588.862549 2592.498047 2595.701660 2599.380127 2603.803467 2608.060303 2612.137207 2615.822510 2619.121094 2622.656494 2626.935547 2631.724854 2635.599365 2638.982422 2642.581543
2595.528076 2595.971680 2596.155273 2595.810791 2594.936279 2594.254639 2593.427002 2592.046387 2590.318115 2588.495361 2586.177979 2584.221436 2582.399658 2581.117432 2579.693604 2578.735596 2577.217529 2575.893799 2574.763916 2574.504883 2574.987549 2575.729980 2576.050293 2576.443115 2576.737793 2577.109375 2576.892578 2576.631104 2576.435059 2576.167725 2576.676514 2577.133301 2577.593994 2578.543457 2579.798096 2581.224365 2582.535645 2583.653320 2584.840332 2586.610352 2589.243652 2592.513428 2595.376465 2598.386475 2602.582031 2607.606689 2612.029785 2615.923340 2619.295654 2623.040527 2627.176270 2631.531006 2635.227295 2638.159912 2641.591797
2602.058350 2602.498291 2602.171631 2601.878418 2600.960938 2600.094482 2599.014893 2597.903564 2596.426758 2594.517822 2592.170410 2590.048096 2588.000000 2586.139404 2584.085449 2582.447266 2580.692627 2579.342041 2578.011963 2577.879639 2578.156494 2578.610596 2579.114746 2579.624023 2579.665527 2579.993896 2579.590576 2579.469971 2579.459229 2579.507324 2579.591064 2580.049561 2580.457031 2580.994385 2582.036865 2583.141357 2584.280762 2585.886719 2587.143066 2588.869385 2591.158447 2593.665283 2596.166260 2599.185547 2603.268066 2608.241455 2613.024658 2616.822021 2620.051025 2624.029785 2628.018311 2631.869629 2635.115967 2637.881836 2640.573242
2607.689453 2608.072266 2608.182617 2607.918213 2607.162354 2606.184814 2604.632813 2603.284424 2601.713867 2600.201904 2598.111816 2595.760498 2593.377197 2591.269531 2588.584473 2586.428467 2584.502197 2582.876465 2581.771484 2581.174316 2580.920898 2581.235596 2581.483154 2582.105713 2582.355225 2582.825684 2582.958252 2582.789063 2582.593750 2582.493652 2582.629639 2582.761719 2582.889160 2583.231445 2584.035645 2585.582764 2586.652588 2588.170410 2590.136475 2592.254883 2594.385986 2596.482910 2599.161377 2602.053467 2605.723145 2610.405273 2614.961914 2619.109131 2622.598389 2626.268555 2630.364014 2633.841553 2636.587891 2638.779297 2640.791016
2613.483154 2614.073242 2614.746094 2614.713135 2614.147949 2612.904541 2611.051758 2608.959229 2607.093018 2605.444580 2603.342041 2601.197510 2598.913086 2596.472656 2593.746582 2591.096924 2588.493408 2586.178955 2584.451416 2583.259277 2583.429688 2583.941162 2584.210693 2584.999268 2585.488525 2585.792480 2586.205322 2586.409912 2586.145508 2585.692871 2585.963623 2585.686279 2585.413574 2585.795654 2586.823975 2587.935547 2589.677490 2591.234863 2593.229980 2595.003174 2597.102051 2599.539551 2602.471191 2605.789307 2609.584473 2614.094727 2618.887695 2622.578125 2626.374268 2629.933594 2633.326904 2636.517334 2639.108643 2641.264404 2642.779297
2620.474854 2620.813721 2621.439209 2621.363770 2620.333496 2619.052002 2617.035400 2614.708740 2612.649170 2610.343018 2608.426514 2606.511719 2604.321045 2601.688477 2599.089355 2595.659424 2592.631836 2589.502441 2587.250244 2586.016357 2586.298340 2587.258301 2587.949463 2588.924561 2589.947021 2590.387939 2591.062256 2591.356689 2591.250488 2590.561523 2589.465088 2589.040771 2589.152588 2589.324707 2589.875000 2591.102051 2592.283691 2594.091797 2596.150146 2598.286133 2600.543945 2603.051514 2605.923828 2609.340088 2613.233154 2617.700684 2622.150391 2626.364258 2630.553955 2634.142578 2637.785156 2640.637695 2642.654053 2644.643799 2645.899414
2627.180664 2627.449219 2627.689209 2627.070068 2625.879150 2624.475586 2622.770264 2620.572266 2618.155029 2616.035400 2613.606689 2611.733154 2609.427002 2607.230225 2604.527100 2601.169434 2597.627686 2594.262207 2591.688721 2590.448242 2590.221924 2591.336670 2592.985352 2594.219971 2595.091553 2596.200928 2596.954346 2597.041016 2597.175049 2596.083984 2595.258301 2594.410889 2593.786377 2593.297852 2593.520508 2594.266357 2595.467285 2597.361572 2599.494141 2601.869629 2604.098389 2606.488770 2609.525879 2613.062500 2617.534180 2621.532227 2625.876709 2629.986572 2634.230469 2638.338135 2641.915039 2644.781250 2646.971436 2648.742432 2649.900391
2633.789307 2633.839111 2633.337158 2632.762939 2631.612305 2630.096191 2628.331543 2626.607178 2624.286133 2621.810791 2619.325439 2617.003418 2615.036621 2612.752441 2609.922119 2606.896484 2602.984375 2599.252441 2596.432861 2594.913330 2595.623047 2596.907715 2598.818359 2600.531006 2601.813477 2602.706543 2603.221436 2603.459961 2603.209473 2602.460938 2601.269043 2599.803711 2598.343018 2597.730225 2597.532715 2597.876953 2598.999023 2601.212158 2603.241455 2605.040039 2607.917480 2610.305908 2613.468994 2617.284912 2621.783447 2626.132324 2630.100342 2634.509766 2639.091064 2643.627441 2647.019287 2649.311523 2651.556396 2653.082764 2654.278809
2639.814209 2639.707275 2639.020020 2637.810791 2636.762207 2635.650391 2634.014404 2632.181641 2630.163330 2627.856934 2625.124268 2622.428955 2620.020752 2617.748047 2615.090332 2612.143555 2608.751709 2604.595215 2601.097656 2599.566162 2600.565430 2602.505127 2604.285889 2606.360596 2608.287842 2609.330811 2609.948242 2609.767578 2609.440186 2608.789063 2607.288086 2605.408447 2603.474854 2602.064697 2601.592529 2602.233643 2603.494385 2605.560059 2607.289307 2609.074219 2611.446289 2614.431641 2617.426514 2621.587402 2626.095215 2630.965332 2635.493652 2640.348389 2645.343506 2649.561035 2652.807129 2655.023926 2657.088623 2658.390869 2659.641846
